133005,53.90445696553274
133015,53.904456965531594
133024,53.904456965531594
133035,53.904456965531594
133045,53.904456965531594
133055,53.904456965531594
133065,53.904456965531594
133074,53.904456965531594
133085,53.904456965531594
133095,53.904456965531594
133105,53.904456965531594
133114,53.904456965531594
133125,53.904456965531594
133135,53.904456965531594
133145,53.904456965531594
133155,53.904456965531594
133165,53.904456965531594
133175,53.904456965531594
133185,53.904456965531594
133195,53.904456965531594
133206,53.904456965531594
133215,53.904456965531594
133225,53.904456965531594
133235,53.904456965531594
133245,53.904456965531594
133255,53.904456965531594
133265,53.904456965531594
133275,53.904456965531594
133285,53.904456965531594
133296,53.904456965531594
133305,53.904456965531594
133315,53.904456965531594
133325,53.904456965531594
133336,53.904456965531594
133346,53.904456965531594
133355,53.904456965531594
133365,53.904456965531594
133376,53.904456965531594
133386,53.904456965531594
133395,53.904456965531594
133405,53.904456965531594
133415,53.904456965531594
133426,53.904456965531594
133436,53.904456965531594
133445,53.904456965531594
133455,53.904456965531594
133466,53.904456965531594
133476,53.904456965531594
133486,53.904456965531594
133495,53.904456965531594
133506,53.904456965531594
133516,53.904456965531594
133526,53.904456965531594
133535,53.904456965531594
133545,53.904456965531594
133556,53.904456965531594
133566,53.904456965531594
133576,53.904456965531594
133585,53.904456965531594
133596,53.904456965531594
133606,53.904456965531594
133616,53.904456965531594
133626,53.904456965531594
133636,53.904456965531594
133646,53.904456965531594
133656,53.904456965531594
133666,53.904456965531594
133676,53.904456965531594
133686,53.904456965531594
133696,53.904456965531594
133706,53.904456965531594
133716,53.904456965531594
133726,53.904456965531594
133736,53.904456965531594
133746,53.904456965531594
133756,53.904456965531594
133767,53.904456965531594
133776,53.904456965531594
133786,53.904456965531594
133796,53.904456965531594
133807,53.904456965531594
133816,53.904456965531594
133826,53.904456965531594
133836,53.904456965531594
133847,53.904456965531594
133857,53.904456965531594
133866,53.904456965531594
133876,53.904456965531594
133886,53.904456965531594
133897,53.904456965531594
133907,53.904456965531594
133916,53.904456965531594
133926,53.904456965531594
133937,53.904456965531594
133947,53.904456965531594
133956,53.904456965531594
133966,53.904456965531594
133977,53.904456965531594
133987,53.904456965531594
133997,53.904456965531594
134006,53.904456965531594
134017,53.904456965531594
134027,53.904456965531594
134037,53.904456965531594
134047,53.904456965531594
134056,53.904456965531594
134067,53.904456965531594
134077,53.904456965531594
134087,53.904456965531594
134096,53.904456965531594
134107,53.904456965531594
134117,53.904456965531594
134127,53.904456965531594
134137,53.904456965531594
134147,53.904456965531594
134157,53.904456965531594
134167,53.904456965531594
134177,53.904456965531594
134188,53.904456965531594
134197,53.904456965531594
134207,53.904456965531594
134217,53.904456965531594
134227,53.904456965531594
134237,53.904456965531594
134247,53.904456965531594
134257,53.904456965531594
134267,53.904456965531594
134278,53.904456965531594
134287,53.904456965531594
134297,53.904456965531594
134307,53.904456965531594
134318,53.904456965531594
134328,53.904456965531594
134337,53.904456965531594
134347,53.904456965531594
134358,53.904456965531594
134368,53.904456965531594
134377,53.904456965531594
134387,53.904456965531594
134397,53.904456965531594
134408,53.904456965531594
134418,53.904456965531594
134427,53.904456965531594
134437,53.904456965531594
134448,53.904456965531594
134458,53.904456965531594
134468,53.904456965531594
134477,53.904456965531594
134488,53.904456965531594
134498,53.904456965531594
134508,53.904456965531594
134517,53.904456965531594
134528,53.904456965531594
134538,53.904456965531594
134548,53.904456965531594
134558,53.904456965531594
134567,53.904456965531594
134578,53.904456965531594
134588,53.904456965531594
134598,53.904456965531594
134608,53.904456965531594
134618,53.904456965531594
134628,53.904456965531594
134638,53.904456965531594
134648,53.904456965531594
134658,53.904456965531594
134668,53.904456965531594
134678,53.904456965531594
134688,53.904456965531594
134699,53.904456965531594
134708,53.904456965531594
134718,53.904456965531594
134728,53.904456965531594
134738,53.904456965531594
134749,53.904456965531594
134758,53.904456965531594
134768,53.904456965531594
134778,53.904456965531594
134789,53.904456965531594
134798,53.904456965531594
134808,53.904456965531594
134818,53.904456965531594
134829,53.904456965531594
134839,53.904456965531594
134848,53.904456965531594
134858,53.904456965531594
134868,53.904456965531594
134879,53.904456965531594
134889,53.904456965531594
134898,53.904456965531594
134908,53.904456965531594
134919,53.904456965531594
134929,53.904456965531594
134938,53.904456965531594
134948,53.904456965531594
134959,53.904456965531594
134969,53.904456965531594
134979,53.904456965531594
134988,53.904456965531594
134999,53.904456965531594
135010,53.904456965531594
135020,53.904456965531594
135029,53.904456965531594
135040,53.904456965531594
135050,53.904456965531594
135060,54.75155115286091
135070,54.75155115285561
135079,54.751551152855555
135090,54.75155115285558
135100,54.75155115285558
135110,10.967373147107395
135119,10.967373147107306
135130,10.967373147107294
135140,10.967373147107294
135150,-10.813119230829512
135160,-10.81311923037883
135170,-29.631486803436317
135180,-29.63148680358863
135190,-29.63148680358863
135200,-43.432536557782704
135209,-43.432536557789774
135220,-43.432536557789774
135230,-50.87578983499825
135240,-50.875789835083495
135250,-50.875789835083495
135260,-52.079121397024345
135270,-52.079121397024366
135280,-52.079121397024366
135290,-52.079121397024366
135300,-52.079121397024366
135310,-52.079121397024366
135320,-47.14183505103055
135330,-47.14183505104698
135341,-47.14183505104698
135350,-47.14183505104698
135360,-47.14183505104698
135370,-47.14183505104698
135380,-47.14183505104698
135391,-47.14183505104698
135400,-47.14183505104698
135410,-47.14183505104698
135420,-47.14183505104698
135431,-47.14183505104698
135440,-47.14183505104698
135450,-47.14183505104698
135460,-47.14183505104698
135471,-47.14183505104698
135480,-47.14183505104698
135490,-47.14183505104698
135500,-47.14183505104698
135511,-47.14183505104698
135521,-47.14183505104698
135530,-47.14183505104698
135540,-47.14183505104698
135550,-47.14183505104698
135561,-33.53949687936792
135570,-33.53949687914258
135580,-33.53949687914261
135590,-33.53949687914261
135601,-33.53949687914261
135611,-33.53949687914261
135620,-33.53949687914261
135630,-33.53949687914261
135641,-33.53949687914261
135651,-33.53949687914261
135660,-33.53949687914261
135670,-33.53949687914261
135681,-33.53949687914261
135691,-33.53949687914261
135701,-33.53949687914261
135710,-33.53949687914261
135720,-33.53949687914261
135731,-33.53949687914261
135741,-33.53949687914261
135750,-33.53949687914261
135760,-33.53949687914261
135771,-33.53949687914261
135781,-33.53949687914261
135791,-33.53949687914261
135800,-33.53949687914261
135811,-33.53949687914261
135821,-33.53949687914261
135831,-33.53949687914261
135840,-33.53949687914261
135851,-33.53949687914261
135861,-33.53949687914261
135871,-33.53949687914261
135880,-33.53949687914261
135890,-33.53949687914261
135901,-33.53949687914261
135911,-33.53949687914261
135921,-33.53949687914261
135930,-33.53949687914261
135941,-33.53949687914261
135951,-33.53949687914261
135961,-33.53949687914261
135970,-33.53949687914261
135981,-33.53949687914261
135991,-33.53949687914261
136001,-33.53949687914261
136011,-33.53949687914261
136020,-33.53949687914261
136031,-33.53949687914261
136041,-33.53949687914261
136051,-33.53949687914261
136060,-33.53949687914261
136071,-33.53949687914261
136081,-33.53949687914261
136091,-33.53949687914261
136101,-33.53949687914261
136111,-33.53949687914261
136121,-33.53949687914261
136131,-33.53949687914261
136141,-33.53949687914261
136151,-33.53949687914261
136161,-33.53949687914261
136171,-33.53949687914261
136181,-33.53949687914261
136190,-33.53949687914261
136201,-33.53949687914261
136211,-33.53949687914261
136221,-33.53949687914261
136231,-33.53949687914261
136241,-33.53949687914261
136251,-33.53949687914261
136261,-33.53949687914261
136271,-33.53949687914261
136281,-33.53949687914261
136291,-33.53949687914261
136301,-33.53949687914261
136311,-33.53949687914261
136322,-33.53949687914261
136331,-33.53949687914261
136341,-33.53949687914261
136351,-33.53949687914261
136361,-33.53949687914261
136371,-33.53949687914261
136381,-33.53949687914261
136391,-33.53949687914261
136401,-33.53949687914261
136412,-33.53949687914261
136421,-33.53949687914261
136431,-33.53949687914261
136441,-33.53949687914261
136452,-33.53949687914261
136461,-33.53949687914261
136471,-33.53949687914261
136481,-33.53949687914261
136492,-33.53949687914261
136502,-33.53949687914261
136511,-33.53949687914261
136521,-33.53949687914261
136531,-33.53949687914261
136542,-33.53949687914261
136551,-33.53949687914261
136561,-33.53949687914261
136571,-33.53949687914261
136582,-33.53949687914261
136592,-33.53949687914261
136601,-33.53949687914261
136611,-33.53949687914261
136622,-33.53949687914261
136632,-33.53949687914261
136641,-33.53949687914261
136651,-33.53949687914261
136662,-33.53949687914261
136672,-33.53949687914261
136682,-33.53949687914261
136691,-33.53949687914261
136701,-1.5728740162138768
136712,-1.5728740162442956
136722,-1.5728740162442956
136731,-1.5728740162442956
136741,-1.5728740162442956
136752,-1.5728740162442956
136762,-1.5728740162442956
136771,-1.5728740162442956
136781,53.90445696524184
136792,53.90445696553168
136802,53.90445696553168
136812,53.90445696553168
136821,53.90445696553168
136832,53.90445696553168
136842,53.90445696553168
136852,53.90445696553168
136861,53.90445696553168
136871,54.75155115286091
136882,54.75155115285561
136892,54.751551152855555
136901,54.751551152855555
136911,54.751551152855555
136922,54.751551152855555
136932,54.751551152855555
136942,54.751551152855555
136951,54.751551152855555
136962,33.80149613748742
136972,10.967373147099496
136982,10.967373147107294
136991,10.967373147107294
137001,10.967373147107294
137012,10.967373147107294
137022,10.967373147107294
137031,10.967373147107294
137041,10.967373147107294
137052,-10.813119230829512
137062,-10.81311923037883
137072,-10.813119230378842
137081,-29.631486803436317
137092,-29.63148680358863
137102,-29.63148680358863
137112,-29.63148680358863
137121,-29.63148680358863
137132,-29.63148680358863
137142,-29.63148680358863
137152,-43.432536557782704
137162,-43.432536557789774
137171,-43.432536557789774
137182,-43.432536557789774
137192,-50.87578983499825
137202,-50.875789835083495
137211,-50.875789835083495
137222,-50.875789835083495
137232,-50.875789835083495
137242,-52.079121397024345
137251,-52.079121397024366
137262,-52.079121397024366
137272,-52.079121397024366
137282,-52.079121397024366
137292,-52.079121397024366
137302,-52.079121397024366
137312,-52.079121397024366
137322,-47.14183505103055
137332,-47.14183505104698
137341,-47.14183505104698
137352,-47.14183505104698
137362,-33.53949687936792
137372,-33.53949687914258
137381,-33.53949687914261
137392,-33.53949687914261
137402,-33.53949687914261
137412,-33.53949687914261
137422,-33.53949687914261
137432,-33.53949687914261
137442,-33.53949687914261
137452,-1.5728740162138768
137462,-1.5728740162442956
137472,-1.5728740162442956
137482,53.90445696524184
137492,53.90445696553168
137502,53.90445696553168
137512,53.90445696553168
137522,53.90445696553168
137532,54.75155115286091
137542,54.75155115285561
137552,54.751551152855555
137562,54.751551152855555
137572,54.751551152855555
137582,54.751551152855555
137592,54.751551152855555
137603,33.80149613748742
137612,10.967373147099496
137622,10.967373147107294
137632,10.967373147107294
137643,10.967373147107294
137652,10.967373147107294
137662,10.967373147107294
137672,10.967373147107294
137682,-10.813119230829512
137692,-10.81311923037883
137702,-10.813119230378842
137712,-29.631486803436317
137722,-29.63148680358863
137733,-29.63148680358863
137742,-29.63148680358863
137752,-29.63148680358863
137762,-29.63148680358863
137773,-43.432536557782704
137782,-43.432536557789774
137792,-43.432536557789774
137802,-43.432536557789774
137812,-50.87578983499825
137823,-50.875789835083495
137832,-50.875789835083495
137842,-50.875789835083495
137852,-52.079121397024345
137863,-52.079121397024366
137872,-52.079121397024366
137882,-52.079121397024366
137892,-52.079121397024366
137903,-52.079121397024366
137912,-52.079121397024366
137922,-52.079121397024366
137932,-47.14183505103055
137943,-47.14183505104698
137953,-47.14183505104698
137962,-47.14183505104698
137972,-33.53949687936792
137982,-33.53949687914258
137993,-33.53949687914261
138002,-33.53949687914261
138012,-33.53949687914261
138022,-33.53949687914261
138033,-33.53949687914261
138042,-33.53949687914261
138052,-1.5728740162138768
138062,-1.5728740162442956
138073,-1.5728740162442956
138083,53.90445696524184
138092,53.90445696553168
138102,53.90445696553168
138113,53.90445696553168
138123,53.90445696553168
138132,54.75155115286091
138142,54.75155115285561
138152,54.751551152855555
138163,54.751551152855555
138173,54.751551152855555
138182,54.751551152855555
138192,54.751551152855555
138203,33.80149613748742
138213,10.967373147099496
138222,10.967373147107294
138232,10.967373147107294
138243,10.967373147107294
138253,10.967373147107294
138263,10.967373147107294
138272,-10.813119230829512
138283,-10.81311923037883
138293,-10.813119230378842
138303,-29.631486803436317
138312,-29.63148680358863
138322,-29.63148680358863
138333,-29.63148680358863
138343,-29.63148680358863
138352,-43.432536557782704
138362,-43.432536557789774
138373,-43.432536557789774
138383,-43.432536557789774
138393,-43.432536557789774
138402,-50.87578983499825
138413,-50.875789835083495
138423,-50.875789835083495
138433,-50.875789835083495
138442,-52.079121397024345
138452,-52.079121397024366
138463,-52.079121397024366
138473,-52.079121397024366
138483,-52.079121397024366
138492,-52.079121397024366
138503,-52.079121397024366
138513,-47.14183505103055
138523,-47.14183505104698
138532,-47.14183505104698
138543,-47.14183505104698
138553,-33.53949687936792
138563,-33.53949687914258
138573,-33.53949687914261
138583,-33.53949687914261
138593,-33.53949687914261
138603,-33.53949687914261
138613,-33.53949687914261
138622,-1.5728740162138768
138633,-1.5728740162442956
138643,-1.5728740162442956
138653,53.90445696524184
138663,53.90445696553168
138673,53.90445696553168
138683,53.90445696553168
138693,53.90445696553168
138703,54.75155115286091
138713,54.75155115285561
138723,54.751551152855555
138733,54.751551152855555
138743,54.751551152855555
138753,54.751551152855555
138763,33.80149613748742
138773,10.967373147099496
138783,10.967373147107294
138793,10.967373147107294
138803,10.967373147107294
138813,10.967373147107294
138823,10.967373147107294
138833,10.967373147107294
138843,-10.813119230829512
138853,-10.81311923037883
138863,-29.631486803436317
138873,-29.63148680358863
138884,-29.63148680358863
138893,-29.63148680358863
138903,-29.63148680358863
138913,-29.63148680358863
138924,-43.432536557782704
138933,-43.432536557789774
138943,-43.432536557789774
138953,-43.432536557789774
138963,-50.87578983499825
138973,-50.875789835083495
138983,-50.875789835083495
138993,-50.875789835083495
139003,-52.079121397024345
139014,-52.079121397024366
139023,-52.079121397024366
139033,-52.079121397024366
139043,-52.079121397024366
139054,-52.079121397024366
139063,-52.079121397024366
139073,-47.14183505103055
139083,-47.14183505104698
139094,-47.14183505104698
139104,-47.14183505104698
139113,-33.53949687936792
139123,-33.53949687914258
139133,-33.53949687914261
139144,-33.53949687914261
139153,-33.53949687914261
139163,-33.53949687914261
139173,-33.53949687914261
139184,-33.53949687914261
139194,-1.5728740162138768
139203,-1.5728740162442956
139213,-1.5728740162442956
139224,53.90445696524184
139234,53.90445696553168
139243,53.90445696553168
139253,53.90445696553168
139264,53.90445696553168
139274,54.75155115286091
139283,54.75155115285561
139293,54.751551152855555
139303,54.751551152855555
139314,54.751551152855555
139324,54.751551152855555
139333,33.80149613748742
139343,10.967373147099496
139354,10.967373147107294
139364,10.967373147107294
139373,10.967373147107294
139383,10.967373147107294
139394,10.967373147107294
139404,10.967373147107294
139413,-10.813119230829512
139423,-10.81311923037883
139433,-29.631486803436317
139444,-29.63148680358863
139454,-29.63148680358863
139463,-29.63148680358863
139473,-29.63148680358863
139484,-29.63148680358863
139494,-43.432536557782704
139503,-43.432536557789774
139513,-43.432536557789774
139524,-43.432536557789774
139534,-50.87578983499825
139544,-50.875789835083495
139553,-50.875789835083495
139564,-50.875789835083495
139574,-50.875789835083495
139584,-52.079121397024345
139593,-52.079121397024366
139603,-52.079121397024366
139614,-52.079121397024366
139624,-52.079121397024366
139634,-52.079121397024366
139643,-52.079121397024366
139654,-47.14183505103055
139664,-47.14183505104698
139674,-47.14183505104698
139683,-47.14183505104698
139694,-33.53949687936792
139704,-33.53949687914258
139714,-33.53949687914261
139723,-33.53949687914261
139734,-33.53949687914261
139744,-33.53949687914261
139754,-33.53949687914261
139764,-33.53949687914261
139773,-1.5728740162138768
139784,-1.5728740162442956
139794,-1.5728740162442956
139804,53.90445696524184
139813,53.90445696553168
139824,53.90445696553168
139834,53.90445696553168
139844,53.90445696553168
139854,54.75155115286091
139864,54.75155115285561
139874,54.751551152855555
139884,54.751551152855555
139894,54.751551152855555
139904,54.751551152855555
139914,33.80149613748742
139924,10.967373147099496
139934,10.967373147107294
139943,10.967373147107294
139954,10.967373147107294
139964,10.967373147107294
139974,10.967373147107294
139984,-10.813119230829512
139994,-10.81311923037883
140004,-10.813119230378842
140014,-29.631486803436317
140024,-29.63148680358863
140034,-29.63148680358863
140044,-29.63148680358863
140054,-29.63148680358863
140064,-43.432536557782704
140075,-43.432536557789774
140084,-43.432536557789774
140094,-43.432536557789774
140104,-43.432536557789774
140114,-50.87578983499825
140124,-50.875789835083495
140134,-50.875789835083495
140144,-50.875789835083495
140154,-52.079121397024345
140165,-52.079121397024366
140174,-52.079121397024366
140184,-52.079121397024366
140194,-52.079121397024366
140205,-52.079121397024366
140214,-52.079121397024366
140224,-47.14183505103055
140234,-47.14183505104698
140244,-47.14183505104698
140254,-47.14183505104698
140264,-33.53949687936792
140274,-33.53949687914258
140284,-33.53949687914261
140295,-33.53949687914261
140304,-33.53949687914261
140314,-33.53949687914261
140324,-33.53949687914261
140335,-33.53949687914261
140344,-1.5728740162138768
140354,-1.5728740162442956
140364,-1.5728740162442956
140375,-1.5728740162442956
140385,53.90445696524184
140394,53.90445696553168
140404,53.90445696553168
140414,53.90445696553168
140425,54.75155115286091
140434,54.75155115285561
140444,54.751551152855555
140454,54.751551152855555
140465,54.751551152855555
140475,54.751551152855555
140484,54.751551152855555
140494,33.80149613748742
140505,10.967373147099496
140515,10.967373147107294
140524,10.967373147107294
140534,10.967373147107294
140545,10.967373147107294
140555,10.967373147107294
140565,-10.813119230829512
140574,-10.81311923037883
140584,-10.813119230378842
140595,-29.631486803436317
140605,-29.63148680358863
140614,-29.63148680358863
140624,-29.63148680358863
140635,-29.63148680358863
140645,-29.63148680358863
140654,-43.432536557782704
140664,-43.432536557789774
140675,-43.432536557789774
140685,-43.432536557789774
140695,-43.432536557789774
140704,-50.87578983499825
140715,-50.875789835083495
140725,-50.875789835083495
140735,-50.875789835083495
140744,-52.079121397024345
140754,-52.079121397024366
140765,-52.079121397024366
140775,-52.079121397024366
140785,-52.079121397024366
140794,-52.079121397024366
140805,-52.079121397024366
140815,-52.079121397024366
140825,-47.14183505103055
140834,-47.14183505104698
140845,-47.14183505104698
140855,-47.14183505104698
140865,-33.53949687936792
140874,-33.53949687914258
140884,-33.53949687914261
140895,-33.53949687914261
140905,-33.53949687914261
140915,-33.53949687914261
140924,-33.53949687914261
140935,-33.53949687914261
140945,-33.53949687914261
140955,-1.5728740162138768
140964,-1.5728740162442956
140975,-1.5728740162442956
140985,53.90445696524184
140995,53.90445696553168
141005,53.90445696553168
141015,53.90445696553168
141025,53.90445696553168
141035,54.75155115286091
141045,54.75155115285561
141054,54.751551152855555
141065,54.751551152855555
141075,54.751551152855555
141085,54.751551152855555
141094,54.751551152855555
141105,33.80149613748742
141115,10.967373147099496
141125,10.967373147107294
141135,10.967373147107294
141145,10.967373147107294
141155,10.967373147107294
141165,10.967373147107294
141175,-10.813119230829512
141185,-10.81311923037883
141195,-10.813119230378842
141205,-29.631486803436317
141215,-29.63148680358863
141225,-29.63148680358863
141235,-29.63148680358863
141245,-29.63148680358863
141255,-29.63148680358863
141265,-29.63148680358863
141275,-43.432536557782704
141285,-43.432536557789774
141295,-43.432536557789774
141305,-43.432536557789774
141316,-50.87578983499825
141325,-50.875789835083495
141335,-50.875789835083495
141345,-50.875789835083495
141356,-50.875789835083495
141365,-52.079121397024345
141375,-52.079121397024366
141385,-52.079121397024366
141395,-52.079121397024366
141405,-52.079121397024366
141415,-52.079121397024366
141425,-52.079121397024366
141435,-52.079121397024366
141446,-47.14183505103055
141455,-47.14183505104698
141465,-47.14183505104698
141475,-47.14183505104698
141486,-33.53949687936792
141495,-33.53949687914258
141505,-33.53949687914261
141515,-33.53949687914261
141526,-33.53949687914261
141536,-33.53949687914261
141545,-33.53949687914261
141555,-33.53949687914261
141565,-1.5728740162138768
141576,-1.5728740162442956
141585,-1.5728740162442956
141595,-1.5728740162442956
141605,53.90445696524184
141616,53.90445696553168
141626,53.90445696553168
141635,53.90445696553168
141645,53.90445696553168
141656,54.75155115286091
141666,54.75155115285561
141675,54.751551152855555
141685,54.751551152855555
141696,54.751551152855555
141706,54.751551152855555
141715,54.751551152855555
141725,54.751551152855555
141735,33.80149613748742
141746,10.967373147099496
141756,10.967373147107294
141765,10.967373147107294
141775,10.967373147107294
141786,10.967373147107294
141796,10.967373147107294
141805,-10.813119230829512
141815,-10.81311923037883
141826,-10.813119230378842
141836,-29.631486803436317
141845,-29.63148680358863
141855,-29.63148680358863
141865,-29.63148680358863
141876,-29.63148680358863
141886,-29.63148680358863
141895,-29.63148680358863
141905,-43.432536557782704
141916,-43.432536557789774
141926,-43.432536557789774
141935,-43.432536557789774
141945,-43.432536557789774
141956,-50.87578983499825
141966,-50.875789835083495
141976,-50.875789835083495
141985,-50.875789835083495
141996,-52.079121397024345
142006,-52.079121397024366
142016,-52.079121397024366
142025,-52.079121397024366
142035,-52.079121397024366
142046,-52.079121397024366
142056,-52.079121397024366
142065,-52.079121397024366
142075,-52.079121397024366
142086,-47.14183505103055
142096,-47.14183505104698
142106,-47.14183505104698
142115,-47.14183505104698
142126,-33.53949687936792
142136,-33.53949687914258
142146,-33.53949687914261
142155,-33.53949687914261
142166,-33.53949687914261
142176,-33.53949687914261
142186,-33.53949687914261
142196,-33.53949687914261
142205,-33.53949687914261
142216,-33.53949687914261
142226,-1.5728740162138768
142236,-1.5728740162442956
142245,-1.5728740162442956
142256,53.90445696524184
142266,53.90445696553168
142276,53.90445696553168
142285,53.90445696553168
142296,53.90445696553168
142306,53.90445696553168
142316,54.75155115286091
142326,54.75155115285561
142336,54.751551152855555
142346,54.751551152855555
142356,54.751551152855555
142366,54.751551152855555
142375,54.751551152855555
142386,54.751551152855555
142396,33.80149613748742
142406,10.967373147099496
142416,10.967373147107294
142426,10.967373147107294
142436,10.967373147107294
142446,10.967373147107294
142456,10.967373147107294
142466,10.967373147107294
142476,-10.813119230829512
142486,-10.81311923037883
142496,-10.813119230378842
142505,-10.813119230378842
142516,-29.631486803436317
142526,-29.63148680358863
142536,-29.63148680358863
142546,-29.63148680358863
142556,-29.63148680358863
142566,-29.63148680358863
142576,-29.63148680358863
142586,-43.432536557782704
142596,-43.432536557789774
142606,-43.432536557789774
142616,-43.432536557789774
142626,-43.432536557789774
142637,-50.87578983499825
142646,-50.875789835083495
142656,-50.875789835083495
142666,-50.875789835083495
142676,-50.875789835083495
142686,-52.079121397024345
142696,-52.079121397024366
142706,-52.079121397024366
142716,-52.079121397024366
142727,-52.079121397024366
142736,-52.079121397024366
142746,-52.079121397024366
142756,-52.079121397024366
142767,-47.14183505103055
142776,-47.14183505104698
142786,-47.14183505104698
142796,-47.14183505104698
142807,-47.14183505104698
142816,-33.53949687936792
142826,-33.53949687914258
142836,-33.53949687914261
142846,-33.53949687914261
142857,-33.53949687914261
142866,-33.53949687914261
142876,-33.53949687914261
142886,-33.53949687914261
142897,-33.53949687914261
142906,-33.53949687914261
142916,-1.5728740162138768
142926,-1.5728740162442956
142937,-1.5728740162442956
142946,-1.5728740162442956
142956,53.90445696524184
142966,53.90445696553168
142977,53.90445696553168
142987,53.90445696553168
142996,53.90445696553168
143006,54.75155115286091
143016,54.75155115285561
143027,54.751551152855555
143036,54.751551152855555
143046,54.751551152855555
143056,54.751551152855555
143067,54.751551152855555
143077,54.751551152855555
143086,33.80149613748742
143096,10.967373147099496
143107,10.967373147107294
143117,10.967373147107294
143126,10.967373147107294
143136,10.967373147107294
143147,10.967373147107294
143157,10.967373147107294
143167,10.967373147107294
143176,-10.813119230829512
143186,-10.81311923037883
143197,-10.813119230378842
143207,-10.813119230378842
143216,-29.631486803436317
143226,-29.63148680358863
143237,-29.63148680358863
143247,-29.63148680358863
143256,-29.63148680358863
143266,-29.63148680358863
143277,-29.63148680358863
143287,-43.432536557782704
143297,-43.432536557789774
143306,-43.432536557789774
143316,-43.432536557789774
143327,-43.432536557789774
143337,-50.87578983499825
143346,-50.875789835083495
143356,-50.875789835083495
143367,-50.875789835083495
143377,-50.875789835083495
143387,-52.079121397024345
143396,-52.079121397024366
143407,-52.079121397024366
143417,-52.079121397024366
143427,-52.079121397024366
143436,-52.079121397024366
143447,-52.079121397024366
143457,-52.079121397024366
143467,-52.079121397024366
143476,-47.14183505103055
143486,-47.14183505104698
143497,-47.14183505104698
143507,-47.14183505104698
143517,-47.14183505104698
143526,-47.14183505104698
143537,-33.53949687936792
143547,-33.53949687914258
143557,-33.53949687914261
143566,-33.53949687914261
143577,-33.53949687914261
143587,-33.53949687914261
143597,-33.53949687914261
143607,-33.53949687914261
143617,-33.53949687914261
143627,-1.5728740162138768
143637,-1.5728740162442956
143647,-1.5728740162442956
143656,-1.5728740162442956
143667,53.90445696524184
143677,53.90445696553168
143687,53.90445696553168
143697,53.90445696553168
143707,53.90445696553168
143717,53.90445696553168
143727,54.75155115286091
143737,54.75155115285561
143747,54.751551152855555
143757,54.751551152855555
143767,54.751551152855555
143777,54.751551152855555
143787,54.751551152855555
143797,54.751551152855555
143807,54.751551152855555
143817,33.80149613748742
143827,10.967373147099496
143837,10.967373147107294
143847,10.967373147107294
143857,10.967373147107294
143867,10.967373147107294
143877,10.967373147107294
143887,10.967373147107294
143897,10.967373147107294
143907,-10.813119230829512
143918,-10.81311923037883
143927,-10.813119230378842
143937,-10.813119230378842
143947,-29.631486803436317
143958,-29.63148680358863
143967,-29.63148680358863
143977,-29.63148680358863
143987,-29.63148680358863
143997,-29.63148680358863
144007,-29.63148680358863
144017,-29.63148680358863
144027,-43.432536557782704
144037,-43.432536557789774
144048,-43.432536557789774
144057,-43.432536557789774
144067,-43.432536557789774
144077,-43.432536557789774
144088,-50.87578983499825
144097,-50.875789835083495
144107,-50.875789835083495
144117,-50.875789835083495
144128,-50.875789835083495
144138,-52.079121397024345
144147,-52.079121397024366
144157,-52.079121397024366
144167,-52.079121397024366
144178,-52.079121397024366
144187,-52.079121397024366
144197,-52.079121397024366
144207,-52.079121397024366
144218,-52.079121397024366
144227,-52.079121397024366
144237,-47.14183505103055
144247,-47.14183505104698
144258,-47.14183505104698
144268,-47.14183505104698
144277,-47.14183505104698
144287,-47.14183505104698
144297,-33.53949687936792
144308,-33.53949687914258
144317,-33.53949687914261
144327,-33.53949687914261
144337,-33.53949687914261
144348,-33.53949687914261
144358,-33.53949687914261
144367,-33.53949687914261
144377,-33.53949687914261
144388,-33.53949687914261
144398,-33.53949687914261
144407,-1.5728740162138768
144417,-1.5728740162442956
144428,-1.5728740162442956
144438,-1.5728740162442956
144447,53.90445696524184
144457,53.90445696553168
144467,53.90445696553168
144478,53.90445696553168
144488,53.90445696553168
144497,53.90445696553168
144507,53.90445696553168
144518,54.75155115286091
144528,54.75155115285561
144537,54.751551152855555
144547,54.751551152855555
144558,54.751551152855555
144568,54.751551152855555
144577,54.751551152855555
144587,54.751551152855555
144598,54.751551152855555
144608,33.80149613748742
144618,10.967373147099496
144627,10.967373147107294
144637,10.967373147107294
144648,10.967373147107294
144658,10.967373147107294
144667,10.967373147107294
144677,10.967373147107294
144688,10.967373147107294
144698,10.967373147107294
144708,-10.813119230829512
144717,-10.81311923037883
144728,-10.813119230378842
144738,-10.813119230378842
144748,-29.631486803436317
144757,-29.63148680358863
144768,-29.63148680358863
144778,-29.63148680358863
144788,-29.63148680358863
144798,-29.63148680358863
144807,-29.63148680358863
144818,-29.63148680358863
144828,-43.432536557782704
144838,-43.432536557789774
144847,-43.432536557789774
144858,-43.432536557789774
144868,-43.432536557789774
144878,-43.432536557789774
144887,-50.87578983499825
144898,-50.875789835083495
144908,-50.875789835083495
144918,-50.875789835083495
144928,-50.875789835083495
144937,-50.875789835083495
144948,-52.079121397024345
144958,-52.079121397024366
144968,-52.079121397024366
144977,-52.079121397024366
144988,-52.079121397024366
144998,-52.079121397024366
145008,-52.079121397024366
