133005,53.90445696553274
133015,53.904456965531594
133024,53.904456965531594
133035,53.904456965531594
133045,53.904456965531594
133055,53.904456965531594
133065,53.904456965531594
133074,53.904456965531594
133085,53.904456965531594
133095,53.904456965531594
133105,53.904456965531594
133114,53.904456965531594
133125,53.904456965531594
133135,53.904456965531594
133145,53.904456965531594
133155,53.904456965531594
133165,53.904456965531594
133175,53.904456965531594
133185,53.904456965531594
133195,53.904456965531594
133206,53.904456965531594
133215,53.904456965531594
133225,53.904456965531594
133235,53.904456965531594
133245,53.904456965531594
133255,53.904456965531594
133265,53.904456965531594
133275,53.904456965531594
133285,53.904456965531594
133296,53.904456965531594
133305,53.904456965531594
133315,53.904456965531594
133325,53.904456965531594
133336,53.904456965531594
133346,53.904456965531594
133355,53.904456965531594
133365,53.904456965531594
133376,53.904456965531594
133386,53.904456965531594
133395,53.904456965531594
133405,53.904456965531594
133415,53.904456965531594
133426,53.904456965531594
133436,53.904456965531594
133445,53.904456965531594
133455,53.904456965531594
133466,53.904456965531594
133476,53.904456965531594
133486,53.904456965531594
133495,53.904456965531594
133506,53.904456965531594
133516,53.904456965531594
133526,53.904456965531594
133535,53.904456965531594
133545,53.904456965531594
133556,53.904456965531594
133566,53.904456965531594
133576,53.904456965531594
133585,53.904456965531594
133596,53.904456965531594
133606,53.904456965531594
133616,53.904456965531594
133626,53.904456965531594
133636,53.904456965531594
133646,53.904456965531594
133656,53.904456965531594
133666,53.904456965531594
133676,53.904456965531594
133686,53.904456965531594
133696,53.904456965531594
133706,53.904456965531594
133716,53.904456965531594
133726,53.904456965531594
133736,53.904456965531594
133746,53.904456965531594
133756,53.904456965531594
133767,53.904456965531594
133776,53.904456965531594
133786,53.904456965531594
133796,53.904456965531594
133807,53.904456965531594
133816,53.904456965531594
133826,53.904456965531594
133836,53.904456965531594
133847,53.904456965531594
133857,53.904456965531594
133866,53.904456965531594
133876,53.904456965531594
133886,53.904456965531594
133897,53.904456965531594
133907,53.904456965531594
133916,53.904456965531594
133926,53.904456965531594
133937,53.904456965531594
133947,53.904456965531594
133956,53.904456965531594
133966,53.904456965531594
133977,53.904456965531594
133987,53.904456965531594
133997,53.904456965531594
134006,53.904456965531594
134017,53.904456965531594
134027,53.904456965531594
134037,53.904456965531594
134047,53.904456965531594
134056,53.904456965531594
134067,53.904456965531594
134077,53.904456965531594
134087,53.904456965531594
134096,53.904456965531594
134107,53.904456965531594
134117,53.904456965531594
134127,53.904456965531594
134137,53.904456965531594
134147,53.904456965531594
134157,53.904456965531594
134167,53.904456965531594
134177,53.904456965531594
134188,53.904456965531594
134197,53.904456965531594
134207,53.904456965531594
134217,53.904456965531594
134227,53.904456965531594
134237,53.904456965531594
134247,53.904456965531594
134257,53.904456965531594
134267,53.904456965531594
134278,53.904456965531594
134287,53.904456965531594
134297,53.904456965531594
134307,53.904456965531594
134318,53.904456965531594
134328,53.904456965531594
134337,53.904456965531594
134347,53.904456965531594
134358,53.904456965531594
134368,53.904456965531594
134377,53.904456965531594
134387,53.904456965531594
134397,53.904456965531594
134408,53.904456965531594
134418,53.904456965531594
134427,53.904456965531594
134437,53.904456965531594
134448,53.904456965531594
134458,53.904456965531594
134468,53.904456965531594
134477,53.904456965531594
134488,53.904456965531594
134498,53.904456965531594
134508,53.904456965531594
134517,53.904456965531594
134528,53.904456965531594
134538,53.904456965531594
134548,53.904456965531594
134558,53.904456965531594
134567,53.904456965531594
134578,53.904456965531594
134588,53.904456965531594
134598,53.904456965531594
134608,53.904456965531594
134618,53.904456965531594
134628,53.904456965531594
134638,53.904456965531594
134648,53.904456965531594
134658,53.904456965531594
134668,53.904456965531594
134678,53.904456965531594
134688,53.904456965531594
134699,53.904456965531594
134708,53.904456965531594
134718,53.904456965531594
134728,53.904456965531594
134738,53.904456965531594
134749,53.904456965531594
134758,53.904456965531594
134768,53.904456965531594
134778,53.904456965531594
134789,53.904456965531594
134798,53.904456965531594
134808,53.904456965531594
134818,53.904456965531594
134829,53.904456965531594
134839,53.904456965531594
134848,53.904456965531594
134858,53.904456965531594
134868,53.904456965531594
134879,53.904456965531594
134889,53.904456965531594
134898,53.904456965531594
134908,53.904456965531594
134919,53.904456965531594
134929,53.904456965531594
134938,53.904456965531594
134948,53.904456965531594
134959,53.904456965531594
134969,53.904456965531594
134979,53.904456965531594
134988,53.904456965531594
134999,53.904456965531594
135010,53.904456965531594
135020,53.904456965531594
135029,53.904456965531594
135040,53.904456965531594
135050,53.904456965531594
135060,53.904456965531594
135070,53.904456965531594
135079,53.904456965531594
135090,53.904456965531594
135100,53.904456965531594
135110,53.904456965531594
135119,53.904456965531594
135130,53.904456965531594
135140,53.904456965531594
135150,53.904456965531594
135160,53.904456965531594
135170,53.904456965531594
135180,53.904456965531594
135190,53.904456965531594
135200,53.904456965531594
135209,53.904456965531594
135220,53.904456965531594
135230,53.904456965531594
135240,53.904456965531594
135250,53.904456965531594
135260,53.904456965531594
135270,54.75155115286091
135280,54.75155115285561
135290,54.751551152855555
135300,54.75155115285558
135310,54.75155115285558
135320,54.75155115285558
135330,54.75155115285558
135341,54.75155115285558
135350,33.801496137487426
135360,33.80149613748761
135370,33.801496137487625
135380,33.801496137487625
135391,33.801496137487625
135400,33.801496137487625
135410,33.801496137487625
135420,33.801496137487625
135431,33.801496137487625
135440,33.801496137487625
135450,33.801496137487625
135460,33.801496137487625
135471,33.801496137487625
135480,33.801496137487625
135490,33.801496137487625
135500,33.801496137487625
135511,33.801496137487625
135521,33.801496137487625
135530,10.967373147099483
135540,10.967373147107294
135550,10.967373147107294
135561,10.967373147107294
135570,10.967373147107294
135580,10.967373147107294
135590,10.967373147107294
135601,10.967373147107294
135611,-10.813119230829512
135620,-10.81311923037883
135630,-10.813119230378842
135641,-10.813119230378842
135651,-10.813119230378842
135660,-10.813119230378842
135670,-10.813119230378842
135681,-10.813119230378842
135691,-10.813119230378842
135701,-10.813119230378842
135710,-10.813119230378842
135720,-10.813119230378842
135731,-10.813119230378842
135741,-29.631486803436317
135750,-29.63148680358863
135760,-29.63148680358863
135771,-29.63148680358863
135781,-29.63148680358863
135791,-29.63148680358863
135800,-29.63148680358863
135811,-29.63148680358863
135821,-29.63148680358863
135831,-43.432536557782704
135840,-43.432536557789774
135851,-43.432536557789774
135861,-43.432536557789774
135871,-43.432536557789774
135880,-43.432536557789774
135890,-43.432536557789774
135901,-43.432536557789774
135911,-43.432536557789774
135921,-43.432536557789774
135930,-50.87578983499825
135941,-50.875789835083495
135951,-50.875789835083495
135961,-50.875789835083495
135970,-50.875789835083495
135981,-50.875789835083495
135991,-50.875789835083495
136001,-50.875789835083495
136011,-50.875789835083495
136020,-50.875789835083495
136031,-50.875789835083495
136041,-50.875789835083495
136051,-50.875789835083495
136060,-52.079121397024345
136071,-52.079121397024366
136081,-52.079121397024366
136091,-52.079121397024366
136101,-52.079121397024366
136111,-52.079121397024366
136121,-52.079121397024366
136131,-52.079121397024366
136141,-52.079121397024366
136151,-47.14183505103055
136161,-47.14183505104698
136171,-47.14183505104698
136181,-47.14183505104698
136190,-47.14183505104698
136201,-47.14183505104698
136211,-47.14183505104698
136221,-47.14183505104698
136231,-47.14183505104698
136241,-47.14183505104698
136251,-47.14183505104698
136261,-47.14183505104698
136271,-47.14183505104698
136281,-47.14183505104698
136291,-47.14183505104698
136301,-47.14183505104698
136311,-33.53949687936792
136322,-33.53949687914258
136331,-33.53949687914261
136341,-33.53949687914261
136351,-33.53949687914261
136361,-33.53949687914261
136371,-33.53949687914261
136381,-33.53949687914261
136391,-33.53949687914261
136401,-33.53949687914261
136412,-33.53949687914261
136421,-1.5728740162138768
136431,-1.5728740162442956
136441,-1.5728740162442956
136452,-1.5728740162442956
136461,-1.5728740162442956
136471,-1.5728740162442956
136481,-1.5728740162442956
136492,-1.5728740162442956
136502,53.90445696524184
136511,53.90445696553168
136521,53.90445696553168
136531,53.90445696553168
136542,53.90445696553168
136551,53.90445696553168
136561,53.90445696553168
136571,53.90445696553168
136582,53.90445696553168
136592,53.90445696553168
136601,53.90445696553168
136611,53.90445696553168
136622,53.90445696553168
136632,54.75155115286091
136641,54.75155115285561
136651,54.751551152855555
136662,54.751551152855555
136672,54.751551152855555
136682,33.80149613748742
136691,33.80149613748762
136701,33.80149613748762
136712,33.80149613748762
136722,33.80149613748762
136731,33.80149613748762
136741,33.80149613748762
136752,33.80149613748762
136762,33.80149613748762
136771,33.80149613748762
136781,33.80149613748762
136792,10.967373147099483
136802,10.967373147107294
136812,10.967373147107294
136821,10.967373147107294
136832,10.967373147107294
136842,-10.813119230829512
136852,-10.81311923037883
136861,-10.813119230378842
136871,-10.813119230378842
136882,-10.813119230378842
136892,-10.813119230378842
136901,-10.813119230378842
136911,-10.813119230378842
136922,-10.813119230378842
136932,-10.813119230378842
136942,-29.631486803436317
136951,-29.63148680358863
136962,-29.63148680358863
136972,-29.63148680358863
136982,-29.63148680358863
136991,-29.63148680358863
137001,-29.63148680358863
137012,-29.63148680358863
137022,-43.432536557782704
137031,-43.432536557789774
137041,-43.432536557789774
137052,-43.432536557789774
137062,-43.432536557789774
137072,-43.432536557789774
137081,-43.432536557789774
137092,-43.432536557789774
137102,-50.87578983499825
137112,-50.875789835083495
137121,-50.875789835083495
137132,-50.875789835083495
137142,-50.875789835083495
137152,-50.875789835083495
137162,-50.875789835083495
137171,-50.875789835083495
137182,-50.875789835083495
137192,-50.875789835083495
137202,-52.079121397024345
137211,-52.079121397024366
137222,-52.079121397024366
137232,-52.079121397024366
137242,-52.079121397024366
137251,-47.14183505103055
137262,-47.14183505104698
137272,-47.14183505104698
137282,-47.14183505104698
137292,-47.14183505104698
137302,-47.14183505104698
137312,-47.14183505104698
137322,-47.14183505104698
137332,-47.14183505104698
137341,-47.14183505104698
137352,-47.14183505104698
137362,-33.53949687936792
137372,-33.53949687914258
137381,-33.53949687914261
137392,-33.53949687914261
137402,-33.53949687914261
137412,-33.53949687914261
137422,-33.53949687914261
137432,-1.5728740162138768
137442,-1.5728740162442956
137452,-1.5728740162442956
137462,-1.5728740162442956
137472,-1.5728740162442956
137482,53.90445696524184
137492,53.90445696553168
137502,53.90445696553168
137512,53.90445696553168
137522,53.90445696553168
137532,53.90445696553168
137542,53.90445696553168
137552,53.90445696553168
137562,53.90445696553168
137572,54.75155115286091
137582,54.75155115285561
137592,54.751551152855555
137603,33.80149613748742
137612,33.80149613748762
137622,33.80149613748762
137632,33.80149613748762
137643,33.80149613748762
137652,33.80149613748762
137662,33.80149613748762
137672,33.80149613748762
137682,10.967373147099483
137692,10.967373147107294
137702,10.967373147107294
137712,-10.813119230829512
137722,-10.81311923037883
137733,-10.813119230378842
137742,-10.813119230378842
137752,-10.813119230378842
137762,-10.813119230378842
137773,-10.813119230378842
137782,-10.813119230378842
137792,-29.631486803436317
137802,-29.63148680358863
137812,-29.63148680358863
137823,-29.63148680358863
137832,-29.63148680358863
137842,-43.432536557782704
137852,-43.432536557789774
137863,-43.432536557789774
137872,-43.432536557789774
137882,-43.432536557789774
137892,-43.432536557789774
137903,-50.87578983499825
137912,-50.875789835083495
137922,-50.875789835083495
137932,-50.875789835083495
137943,-50.875789835083495
137953,-50.875789835083495
137962,-50.875789835083495
137972,-50.875789835083495
137982,-52.079121397024345
137993,-52.079121397024366
138002,-52.079121397024366
138012,-52.079121397024366
138022,-47.14183505103055
138033,-47.14183505104698
138042,-47.14183505104698
138052,-47.14183505104698
138062,-47.14183505104698
138073,-47.14183505104698
138083,-47.14183505104698
138092,-47.14183505104698
138102,-33.53949687936792
138113,-33.53949687914258
138123,-33.53949687914261
138132,-33.53949687914261
138142,-33.53949687914261
138152,-33.53949687914261
138163,-1.5728740162138768
138173,-1.5728740162442956
138182,-1.5728740162442956
138192,-1.5728740162442956
138203,53.90445696524184
138213,53.90445696553168
138222,53.90445696553168
138232,53.90445696553168
138243,53.90445696553168
138253,53.90445696553168
138263,53.90445696553168
138272,53.90445696553168
138283,54.75155115286091
138293,54.75155115285561
138303,54.751551152855555
138312,33.80149613748742
138322,33.80149613748762
138333,33.80149613748762
138343,33.80149613748762
138352,33.80149613748762
138362,33.80149613748762
138373,33.80149613748762
138383,10.967373147099483
138393,10.967373147107294
138402,10.967373147107294
138413,-10.813119230829512
138423,-10.81311923037883
138433,-10.813119230378842
138442,-10.813119230378842
138452,-10.813119230378842
138463,-10.813119230378842
138473,-10.813119230378842
138483,-29.631486803436317
138492,-29.63148680358863
138503,-29.63148680358863
138513,-29.63148680358863
138523,-29.63148680358863
138532,-29.63148680358863
138543,-43.432536557782704
138553,-43.432536557789774
138563,-43.432536557789774
138573,-43.432536557789774
138583,-43.432536557789774
138593,-43.432536557789774
138603,-50.87578983499825
138613,-50.875789835083495
138622,-50.875789835083495
138633,-50.875789835083495
138643,-50.875789835083495
138653,-50.875789835083495
138663,-50.875789835083495
138673,-50.875789835083495
138683,-52.079121397024345
138693,-52.079121397024366
138703,-52.079121397024366
138713,-52.079121397024366
138723,-47.14183505103055
138733,-47.14183505104698
138743,-47.14183505104698
138753,-47.14183505104698
138763,-47.14183505104698
138773,-47.14183505104698
138783,-47.14183505104698
138793,-47.14183505104698
138803,-47.14183505104698
138813,-33.53949687936792
138823,-33.53949687914258
138833,-33.53949687914261
138843,-33.53949687914261
138853,-33.53949687914261
138863,-33.53949687914261
138873,-33.53949687914261
138884,-1.5728740162138768
138893,-1.5728740162442956
138903,-1.5728740162442956
138913,-1.5728740162442956
138924,-1.5728740162442956
138933,53.90445696524184
138943,53.90445696553168
138953,53.90445696553168
138963,53.90445696553168
138973,53.90445696553168
138983,53.90445696553168
138993,53.90445696553168
139003,53.90445696553168
139014,53.90445696553168
139023,54.75155115286091
139033,54.75155115285561
139043,54.751551152855555
139054,54.751551152855555
139063,33.80149613748742
139073,33.80149613748762
139083,33.80149613748762
139094,33.80149613748762
139104,33.80149613748762
139113,33.80149613748762
139123,33.80149613748762
139133,33.80149613748762
139144,33.80149613748762
139153,10.967373147099483
139163,10.967373147107294
139173,10.967373147107294
139184,10.967373147107294
139194,-10.813119230829512
139203,-10.81311923037883
139213,-10.813119230378842
139224,-10.813119230378842
139234,-10.813119230378842
139243,-10.813119230378842
139253,-10.813119230378842
139264,-10.813119230378842
139274,-29.631486803436317
139283,-29.63148680358863
139293,-29.63148680358863
139303,-29.63148680358863
139314,-29.63148680358863
139324,-29.63148680358863
139333,-43.432536557782704
139343,-43.432536557789774
139354,-43.432536557789774
139364,-43.432536557789774
139373,-43.432536557789774
139383,-43.432536557789774
139394,-43.432536557789774
139404,-50.87578983499825
139413,-50.875789835083495
139423,-50.875789835083495
139433,-50.875789835083495
139444,-50.875789835083495
139454,-50.875789835083495
139463,-50.875789835083495
139473,-50.875789835083495
139484,-50.875789835083495
139494,-50.875789835083495
139503,-52.079121397024345
139513,-52.079121397024366
139524,-52.079121397024366
139534,-52.079121397024366
139544,-47.14183505103055
139553,-47.14183505104698
139564,-47.14183505104698
139574,-47.14183505104698
139584,-47.14183505104698
139593,-47.14183505104698
139603,-47.14183505104698
139614,-47.14183505104698
139624,-47.14183505104698
139634,-47.14183505104698
139643,-33.53949687936792
139654,-33.53949687914258
139664,-33.53949687914261
139674,-33.53949687914261
139683,-33.53949687914261
139694,-33.53949687914261
139704,-33.53949687914261
139714,-1.5728740162138768
139723,-1.5728740162442956
139734,-1.5728740162442956
139744,-1.5728740162442956
139754,-1.5728740162442956
139764,-1.5728740162442956
139773,53.90445696524184
139784,53.90445696553168
139794,53.90445696553168
139804,53.90445696553168
139813,53.90445696553168
139824,53.90445696553168
139834,53.90445696553168
139844,53.90445696553168
139854,53.90445696553168
139864,54.75155115286091
139874,54.75155115285561
139884,54.751551152855555
139894,33.80149613748742
139904,33.80149613748762
139914,33.80149613748762
139924,33.80149613748762
139934,33.80149613748762
139943,33.80149613748762
139954,33.80149613748762
139964,33.80149613748762
139974,33.80149613748762
139984,10.967373147099483
139994,10.967373147107294
140004,10.967373147107294
140014,10.967373147107294
140024,-10.813119230829512
140034,-10.81311923037883
140044,-10.813119230378842
140054,-10.813119230378842
140064,-10.813119230378842
140075,-10.813119230378842
140084,-10.813119230378842
140094,-10.813119230378842
140104,-29.631486803436317
140114,-29.63148680358863
140124,-29.63148680358863
140134,-29.63148680358863
140144,-29.63148680358863
140154,-29.63148680358863
140165,-29.63148680358863
140174,-43.432536557782704
140184,-43.432536557789774
140194,-43.432536557789774
140205,-43.432536557789774
140214,-43.432536557789774
140224,-43.432536557789774
140234,-50.87578983499825
140244,-50.875789835083495
140254,-50.875789835083495
140264,-50.875789835083495
140274,-50.875789835083495
140284,-50.875789835083495
140295,-50.875789835083495
140304,-50.875789835083495
140314,-50.875789835083495
140324,-50.875789835083495
140335,-52.079121397024345
140344,-52.079121397024366
140354,-52.079121397024366
140364,-52.079121397024366
140375,-52.079121397024366
140385,-47.14183505103055
140394,-47.14183505104698
140404,-47.14183505104698
140414,-47.14183505104698
140425,-47.14183505104698
140434,-47.14183505104698
140444,-47.14183505104698
140454,-47.14183505104698
140465,-47.14183505104698
140475,-47.14183505104698
140484,-33.53949687936792
140494,-33.53949687914258
140505,-33.53949687914261
140515,-33.53949687914261
140524,-33.53949687914261
140534,-33.53949687914261
140545,-33.53949687914261
140555,-33.53949687914261
140565,-1.5728740162138768
140574,-1.5728740162442956
140584,-1.5728740162442956
140595,-1.5728740162442956
140605,-1.5728740162442956
140614,53.90445696524184
140624,53.90445696553168
140635,53.90445696553168
140645,53.90445696553168
140654,53.90445696553168
140664,53.90445696553168
140675,53.90445696553168
140685,53.90445696553168
140695,53.90445696553168
140704,53.90445696553168
140715,54.75155115286091
140725,54.75155115285561
140735,54.751551152855555
140744,54.751551152855555
140754,33.80149613748742
140765,33.80149613748762
140775,33.80149613748762
140785,33.80149613748762
140794,33.80149613748762
140805,33.80149613748762
140815,33.80149613748762
140825,33.80149613748762
140834,33.80149613748762
140845,10.967373147099483
140855,10.967373147107294
140865,10.967373147107294
140874,10.967373147107294
140884,10.967373147107294
140895,-10.813119230829512
140905,-10.81311923037883
140915,-10.813119230378842
140924,-10.813119230378842
140935,-10.813119230378842
140945,-10.813119230378842
140955,-10.813119230378842
140964,-10.813119230378842
140975,-10.813119230378842
140985,-29.631486803436317
140995,-29.63148680358863
141005,-29.63148680358863
141015,-29.63148680358863
141025,-29.63148680358863
141035,-29.63148680358863
141045,-29.63148680358863
141054,-43.432536557782704
141065,-43.432536557789774
141075,-43.432536557789774
141085,-43.432536557789774
141094,-43.432536557789774
141105,-43.432536557789774
141115,-43.432536557789774
141125,-50.87578983499825
141135,-50.875789835083495
141145,-50.875789835083495
141155,-50.875789835083495
141165,-50.875789835083495
141175,-50.875789835083495
141185,-50.875789835083495
141195,-50.875789835083495
141205,-50.875789835083495
141215,-50.875789835083495
141225,-50.875789835083495
141235,-52.079121397024345
141245,-52.079121397024366
141255,-52.079121397024366
141265,-52.079121397024366
141275,-52.079121397024366
141285,-47.14183505103055
141295,-47.14183505104698
141305,-47.14183505104698
141316,-47.14183505104698
141325,-47.14183505104698
141335,-47.14183505104698
141345,-47.14183505104698
141356,-47.14183505104698
141365,-47.14183505104698
141375,-47.14183505104698
141385,-47.14183505104698
141395,-33.53949687936792
141405,-33.53949687914258
141415,-33.53949687914261
141425,-33.53949687914261
141435,-33.53949687914261
141446,-33.53949687914261
141455,-33.53949687914261
141465,-1.5728740162138768
141475,-1.5728740162442956
141486,-1.5728740162442956
141495,-1.5728740162442956
141505,-1.5728740162442956
141515,-1.5728740162442956
141526,53.90445696524184
141536,53.90445696553168
141545,53.90445696553168
141555,53.90445696553168
141565,53.90445696553168
141576,53.90445696553168
141585,53.90445696553168
141595,53.90445696553168
141605,53.90445696553168
141616,53.90445696553168
141626,54.75155115286091
141635,54.75155115285561
141645,54.751551152855555
141656,54.751551152855555
141666,33.80149613748742
141675,33.80149613748762
141685,33.80149613748762
141696,33.80149613748762
141706,33.80149613748762
141715,33.80149613748762
141725,33.80149613748762
141735,33.80149613748762
141746,33.80149613748762
141756,33.80149613748762
141765,10.967373147099483
141775,10.967373147107294
141786,10.967373147107294
141796,10.967373147107294
141805,-10.813119230829512
141815,-10.81311923037883
141826,-10.813119230378842
141836,-10.813119230378842
141845,-10.813119230378842
141855,-10.813119230378842
141865,-10.813119230378842
141876,-10.813119230378842
141886,-10.813119230378842
141895,-10.813119230378842
141905,-29.631486803436317
141916,-29.63148680358863
141926,-29.63148680358863
141935,-29.63148680358863
141945,-29.63148680358863
141956,-29.63148680358863
141966,-43.432536557782704
141976,-43.432536557789774
141985,-43.432536557789774
141996,-43.432536557789774
142006,-43.432536557789774
142016,-43.432536557789774
142025,-43.432536557789774
142035,-43.432536557789774
142046,-50.87578983499825
142056,-50.875789835083495
142065,-50.875789835083495
142075,-50.875789835083495
142086,-50.875789835083495
142096,-50.875789835083495
142106,-50.875789835083495
142115,-50.875789835083495
142126,-50.875789835083495
142136,-50.875789835083495
142146,-50.875789835083495
142155,-52.079121397024345
142166,-52.079121397024366
142176,-52.079121397024366
142186,-52.079121397024366
142196,-52.079121397024366
142205,-47.14183505103055
142216,-47.14183505104698
142226,-47.14183505104698
142236,-47.14183505104698
142245,-47.14183505104698
142256,-47.14183505104698
142266,-47.14183505104698
142276,-47.14183505104698
142285,-47.14183505104698
142296,-47.14183505104698
142306,-47.14183505104698
142316,-47.14183505104698
142326,-33.53949687936792
142336,-33.53949687914258
142346,-33.53949687914261
142356,-33.53949687914261
142366,-33.53949687914261
142375,-33.53949687914261
142386,-33.53949687914261
142396,-33.53949687914261
142406,-1.5728740162138768
142416,-1.5728740162442956
142426,-1.5728740162442956
142436,-1.5728740162442956
142446,-1.5728740162442956
142456,-1.5728740162442956
142466,53.90445696524184
142476,53.90445696553168
142486,53.90445696553168
142496,53.90445696553168
142505,53.90445696553168
142516,53.90445696553168
142526,53.90445696553168
142536,53.90445696553168
142546,53.90445696553168
142556,53.90445696553168
142566,53.90445696553168
142576,54.75155115286091
142586,54.75155115285561
142596,54.751551152855555
142606,54.751551152855555
142616,33.80149613748742
142626,33.80149613748762
142637,33.80149613748762
142646,33.80149613748762
142656,33.80149613748762
142666,33.80149613748762
142676,33.80149613748762
142686,33.80149613748762
142696,33.80149613748762
142706,33.80149613748762
142716,10.967373147099483
142727,10.967373147107294
142736,10.967373147107294
142746,10.967373147107294
142756,10.967373147107294
142767,-10.813119230829512
142776,-10.81311923037883
142786,-10.813119230378842
142796,-10.813119230378842
142807,-10.813119230378842
142816,-10.813119230378842
142826,-10.813119230378842
142836,-10.813119230378842
142846,-10.813119230378842
142857,-10.813119230378842
142866,-29.631486803436317
142876,-29.63148680358863
142886,-29.63148680358863
142897,-29.63148680358863
142906,-29.63148680358863
142916,-29.63148680358863
142926,-29.63148680358863
142937,-43.432536557782704
142946,-43.432536557789774
142956,-43.432536557789774
142966,-43.432536557789774
142977,-43.432536557789774
142987,-43.432536557789774
142996,-43.432536557789774
143006,-43.432536557789774
143016,-50.87578983499825
143027,-50.875789835083495
143036,-50.875789835083495
143046,-50.875789835083495
143056,-50.875789835083495
143067,-50.875789835083495
143077,-50.875789835083495
143086,-50.875789835083495
143096,-50.875789835083495
143107,-50.875789835083495
143117,-52.079121397024345
143126,-52.079121397024366
143136,-52.079121397024366
143147,-52.079121397024366
143157,-52.079121397024366
143167,-52.079121397024366
143176,-47.14183505103055
143186,-47.14183505104698
143197,-47.14183505104698
143207,-47.14183505104698
143216,-47.14183505104698
143226,-47.14183505104698
143237,-47.14183505104698
143247,-47.14183505104698
143256,-47.14183505104698
143266,-47.14183505104698
143277,-47.14183505104698
143287,-33.53949687936792
143297,-33.53949687914258
143306,-33.53949687914261
143316,-33.53949687914261
143327,-33.53949687914261
143337,-33.53949687914261
143346,-33.53949687914261
143356,-33.53949687914261
143367,-1.5728740162138768
143377,-1.5728740162442956
143387,-1.5728740162442956
143396,-1.5728740162442956
143407,-1.5728740162442956
143417,-1.5728740162442956
143427,-1.5728740162442956
143436,53.90445696524184
143447,53.90445696553168
143457,53.90445696553168
143467,53.90445696553168
143476,53.90445696553168
143486,53.90445696553168
143497,53.90445696553168
143507,53.90445696553168
143517,53.90445696553168
143526,53.90445696553168
143537,54.75155115286091
143547,54.75155115285561
143557,54.751551152855555
143566,54.751551152855555
143577,54.751551152855555
143587,33.80149613748742
143597,33.80149613748762
143607,33.80149613748762
143617,33.80149613748762
143627,33.80149613748762
143637,33.80149613748762
143647,33.80149613748762
143656,33.80149613748762
143667,33.80149613748762
143677,33.80149613748762
143687,10.967373147099483
143697,10.967373147107294
143707,10.967373147107294
143717,10.967373147107294
143727,10.967373147107294
143737,-10.813119230829512
143747,-10.81311923037883
143757,-10.813119230378842
143767,-10.813119230378842
143777,-10.813119230378842
143787,-10.813119230378842
143797,-10.813119230378842
143807,-10.813119230378842
143817,-10.813119230378842
143827,-29.631486803436317
143837,-29.63148680358863
143847,-29.63148680358863
143857,-29.63148680358863
143867,-29.63148680358863
143877,-29.63148680358863
143887,-29.63148680358863
143897,-43.432536557782704
143907,-43.432536557789774
143918,-43.432536557789774
143927,-43.432536557789774
143937,-43.432536557789774
143947,-43.432536557789774
143958,-43.432536557789774
143967,-43.432536557789774
143977,-43.432536557789774
143987,-50.87578983499825
143997,-50.875789835083495
144007,-50.875789835083495
144017,-50.875789835083495
144027,-50.875789835083495
144037,-50.875789835083495
144048,-50.875789835083495
144057,-50.875789835083495
144067,-50.875789835083495
144077,-50.875789835083495
144088,-52.079121397024345
144097,-52.079121397024366
144107,-52.079121397024366
144117,-52.079121397024366
144128,-52.079121397024366
144138,-52.079121397024366
144147,-47.14183505103055
144157,-47.14183505104698
144167,-47.14183505104698
144178,-47.14183505104698
144187,-47.14183505104698
144197,-47.14183505104698
144207,-47.14183505104698
144218,-47.14183505104698
144227,-47.14183505104698
144237,-47.14183505104698
144247,-47.14183505104698
144258,-47.14183505104698
144268,-33.53949687936792
144277,-33.53949687914258
144287,-33.53949687914261
144297,-33.53949687914261
144308,-33.53949687914261
144317,-33.53949687914261
144327,-33.53949687914261
144337,-33.53949687914261
144348,-1.5728740162138768
144358,-1.5728740162442956
144367,-1.5728740162442956
144377,-1.5728740162442956
144388,-1.5728740162442956
144398,-1.5728740162442956
144407,-1.5728740162442956
144417,53.90445696524184
144428,53.90445696553168
144438,53.90445696553168
144447,53.90445696553168
144457,53.90445696553168
144467,53.90445696553168
144478,53.90445696553168
144488,53.90445696553168
144497,53.90445696553168
144507,53.90445696553168
144518,54.75155115286091
144528,54.75155115285561
144537,54.751551152855555
144547,54.751551152855555
144558,54.751551152855555
144568,33.80149613748742
144577,33.80149613748762
144587,33.80149613748762
144598,33.80149613748762
144608,33.80149613748762
144618,33.80149613748762
144627,33.80149613748762
144637,33.80149613748762
144648,33.80149613748762
144658,33.80149613748762
144667,10.967373147099483
144677,10.967373147107294
144688,10.967373147107294
144698,10.967373147107294
144708,10.967373147107294
144717,-10.813119230829512
144728,-10.81311923037883
144738,-10.813119230378842
144748,-10.813119230378842
144757,-10.813119230378842
144768,-10.813119230378842
144778,-10.813119230378842
144788,-10.813119230378842
144798,-10.813119230378842
144807,-29.631486803436317
144818,-29.63148680358863
144828,-29.63148680358863
144838,-29.63148680358863
144847,-29.63148680358863
144858,-29.63148680358863
144868,-29.63148680358863
144878,-29.63148680358863
144887,-43.432536557782704
144898,-43.432536557789774
144908,-43.432536557789774
144918,-43.432536557789774
144928,-43.432536557789774
144937,-43.432536557789774
144948,-43.432536557789774
144958,-43.432536557789774
144968,-50.87578983499825
144977,-50.875789835083495
144988,-50.875789835083495
144998,-50.875789835083495
145008,-50.875789835083495
