133005	0.0	0.0 0.1	0.1
133015	0.0	0.0	0.0	0.0
133024	0.0	0.0	0.0	0.0
133035	0.0	0.0	0.0	0.0
133045	0.0	0.0	0.0	0.0
133055	0.0	0.0	0.0	0.0
133065	0.0	0.0	0.0	0.0
133074	0.0	0.0	0.0	0.0
133085	0.0	0.0	0.0	0.0
133095	0.0	0.0	0.0	0.0
133105	0.0	0.0	0.0	0.0
133114	0.0	0.0	0.0	0.0
133125	0.0	0.0	0.0	0.0
133135	0.0	0.0	0.0	0.0
133145	0.0	0.0	0.0	0.0
133155	0.0	0.0	0.0	0.0
133165	0.0	0.0	0.0	0.0
133175	0.0	0.0	0.0	0.0
133185	0.0	0.0	0.0	0.0
133195	0.0	0.0	0.0	0.0
133206	0.0	0.0	0.0	0.0
133215	0.0	0.0	0.0	0.0
133225	0.0	0.0	0.0	0.0
133235	0.0	0.0	0.0	0.0
133245	0.0	0.0	0.0	0.0
133255	0.0	0.0	0.0	0.0
133265	0.0	0.0	0.0	0.0
133275	0.0	0.0	0.0	0.0
133285	0.0	0.0	0.0	0.0
133296	0.0	0.0	0.0	0.0
133305	0.0	0.0	0.0	0.0
133315	0.0	0.0	0.0	0.0
133325	0.0	0.0	0.0	0.0
133336	0.0	0.0	0.0	0.0
133346	0.0	0.0	0.0	0.0
133355	0.0	0.0	0.0	0.0
133365	0.0	0.0	0.0	0.0
133376	0.0	0.0	0.0	0.0
133386	0.0	0.0	0.0	0.0
133395	0.0	0.0	0.0	0.0
133405	0.0	0.0	0.0	0.0
133415	0.0	0.0	0.0	0.0
133426	0.0	0.0	0.0	0.0
133436	0.0	0.0	0.0	0.0
133445	0.0	0.0	0.0	0.0
133455	0.0	0.0	0.0	0.0
133466	0.0	0.0	0.0	0.0
133476	0.0	0.0	0.0	0.0
133486	0.0	0.0	0.0	0.0
133495	0.0	0.0	0.0	0.0
133506	0.0	0.0	0.0	0.0
133516	0.0	0.0	0.0	0.0
133526	0.0	0.0	0.0	0.0
133535	0.0	0.0	0.0	0.0
133545	0.0	0.0	0.0	0.0
133556	0.0	0.0	0.0	0.0
133566	0.0	0.0	0.0	0.0
133576	0.0	0.0	0.0	0.0
133585	0.0	0.0	0.0	0.0
133596	0.0	0.0	0.0	0.0
133606	0.0	0.0	0.0	0.0
133616	0.0	0.0	0.0	0.0
133626	0.0	0.0	0.0	0.0
133636	0.0	0.0	0.0	0.0
133646	0.0	0.0	0.0	0.0
133656	0.0	0.0	0.0	0.0
133666	0.0	0.0	0.0	0.0
133676	0.0	0.0	0.0	0.0
133686	0.0	0.0	0.0	0.0
133696	0.0	0.0	0.0	0.0
133706	0.0	0.0	0.0	0.0
133716	0.0	0.0	0.0	0.0
133726	0.0	0.0	0.0	0.0
133736	0.0	0.0	0.0	0.0
133746	0.0	0.0	0.0	0.0
133756	0.0	0.0	0.0	0.0
133767	0.0	0.0	0.0	0.0
133776	0.0	0.0	0.0	0.0
133786	0.0	0.0	0.0	0.0
133796	0.0	0.0	0.0	0.0
133807	0.0	0.0	0.0	0.0
133816	0.0	0.0	0.0	0.0
133826	0.0	0.0	0.0	0.0
133836	0.0	0.0	0.0	0.0
133847	0.0	0.0	0.0	0.0
133857	0.0	0.0	0.0	0.0
133866	0.0	0.0	0.0	0.0
133876	0.0	0.0	0.0	0.0
133886	0.0	0.0	0.0	0.0
133897	0.0	0.0	0.0	0.0
133907	0.0	0.0	0.0	0.0
133916	0.0	0.0	0.0	0.0
133926	0.0	0.0	0.0	0.0
133937	0.0	0.0	0.0	0.0
133947	0.0	0.0	0.0	0.0
133956	0.0	0.0	0.0	0.0
133966	0.0	0.0	0.0	0.0
133977	0.0	0.0	0.0	0.0
133987	0.0	0.0	0.0	0.0
133997	0.0	0.0	0.0	0.0
134006	0.0	0.0	0.0	0.0
134017	0.0	0.0	0.0	0.0
134027	0.0	0.0	0.0	0.0
134037	0.0	0.0	0.0	0.0
134047	0.0	0.0	0.0	0.0
134056	0.0	0.0	0.0	0.0
134067	0.0	0.0	0.0	0.0
134077	0.0	0.0	0.0	0.0
134087	0.0	0.0	0.0	0.0
134096	0.0	0.0	0.0	0.0
134107	0.0	0.0	0.0	0.0
134117	0.0	0.0	0.0	0.0
134127	0.0	0.0	0.0	0.0
134137	0.0	0.0	0.0	0.0
134147	0.0	0.0	0.0	0.0
134157	0.0	0.0	0.0	0.0
134167	0.0	0.0	0.0	0.0
134177	0.0	0.0	0.0	0.0
134188	0.0	0.0	0.0	0.0
134197	0.0	0.0	0.0	0.0
134207	0.0	0.0	0.0	0.0
134217	0.0	0.0	0.0	0.0
134227	0.0	0.0	0.0	0.0
134237	0.0	0.0	0.0	0.0
134247	0.0	0.0	0.0	0.0
134257	0.0	0.0	0.0	0.0
134267	0.0	0.0	0.0	0.0
134278	0.0	0.0	0.0	0.0
134287	0.0	0.0	0.0	0.0
134297	0.0	0.0	0.0	0.0
134307	0.0	0.0	0.0	0.0
134318	0.0	0.0	0.0	0.0
134328	0.0	0.0	0.0	0.0
134337	0.0	0.0	0.0	0.0
134347	0.0	0.0	0.0	0.0
134358	0.0	0.0	0.0	0.0
134368	0.0	0.0	0.0	0.0
134377	0.0	0.0	0.0	0.0
134387	0.0	0.0	0.0	0.0
134397	0.0	0.0	0.0	0.0
134408	0.0	0.0	0.0	0.0
134418	0.0	0.0	0.0	0.0
134427	0.0	0.0	0.0	0.0
134437	0.0	0.0	0.0	0.0
134448	0.0	0.0	0.0	0.0
134458	0.0	0.0	0.0	0.0
134468	0.0	0.0	0.0	0.0
134477	0.0	0.0	0.0	0.0
134488	0.0	0.0	0.0	0.0
134498	0.0	0.0	0.0	0.0
134508	0.0	0.0	0.0	0.0
134517	0.0	0.0	0.0	0.0
134528	0.0	0.0	0.0	0.0
134538	0.0	0.0	0.0	0.0
134548	0.0	0.0	0.0	0.0
134558	0.0	0.0	0.0	0.0
134567	0.0	0.0	0.0	0.0
134578	0.0	0.0	0.0	0.0
134588	0.0	0.0	0.0	0.0
134598	0.0	0.0	0.0	0.0
134608	0.0	0.0	0.0	0.0
134618	0.0	0.0	0.0	0.0
134628	0.0	0.0	0.0	0.0
134638	0.0	0.0	0.0	0.0
134648	0.0	0.0	0.0	0.0
134658	0.0	0.0	0.0	0.0
134668	0.0	0.0	0.0	0.0
134678	0.0	0.0	0.0	0.0
134688	0.0	0.0	0.0	0.0
134699	0.0	0.0	0.0	0.0
134708	0.0	0.0	0.0	0.0
134718	0.0	0.0	0.0	0.0
134728	0.0	0.0	0.0	0.0
134738	0.0	0.0	0.0	0.0
134749	0.0	0.0	0.0	0.0
134758	0.0	0.0	0.0	0.0
134768	0.0	0.0	0.0	0.0
134778	0.0	0.0	0.0	0.0
134789	0.0	0.0	0.0	0.0
134798	0.0	0.0	0.0	0.0
134808	0.0	0.0	0.0	0.0
134818	0.0	0.0	0.0	0.0
134829	0.0	0.0	0.0	0.0
134839	0.0	0.0	0.0	0.0
134848	0.0	0.0	0.0	0.0
134858	0.0	0.0	0.0	0.0
134868	0.0	0.0	0.0	0.0
134879	0.0	0.0	0.0	0.0
134889	0.0	0.0	0.0	0.0
134898	0.0	0.0	0.0	0.0
134908	0.0	0.0	0.0	0.0
134919	0.0	0.0	0.0	0.0
134929	0.0	0.0	0.0	0.0
134938	0.0	0.0	0.0	0.0
134948	0.0	0.0	0.0	0.0
134959	0.0	0.0	0.0	0.0
134969	0.0	0.0	0.0	0.0
134979	0.0	0.0	0.0	0.0
134988	0.0	0.0	0.0	0.0
134999	0.0	0.0	0.0	0.0
135010	0.0	0.0	51.0	-1.0
135020	0.0	0.0	52.0	-1.0
135029	0.0	0.0	53.0	-1.0
135040	0.0	0.0	54.0	-1.0
135050	0.0	0.0	54.0	-1.0
135060	0.0	30.0	55.0	-1.0
135070	0.0	30.0	56.0	-1.0
135079	0.0	30.0	57.0	-1.0
135090	0.0	30.0	58.0	-1.0
135100	0.0	30.0	59.0	-1.0
135110	0.0	90.0	59.0	-1.0
135119	0.0	90.0	60.0	-1.0
135130	0.0	90.0	61.0	-1.0
135140	0.0	90.0	62.0	-1.0
135150	0.0	120.0	63.0	-1.0
135160	0.0	120.0	64.0	-1.0
135170	0.0	150.0	64.0	-1.0
135180	0.0	150.0	65.0	-1.0
135190	0.0	150.0	66.0	-1.0
135200	0.0	180.0	67.0	-1.0
135209	0.0	180.0	68.0	-1.0
135220	0.0	180.0	69.0	-1.0
135230	0.0	210.0	69.0	-1.0
135240	0.0	210.0	70.0	-1.0
135250	0.0	210.0	71.0	-1.0
135260	0.0	240.0	72.0	-1.0
135270	30.0	240.0	70.0	6.0
135280	30.0	240.0	71.0	5.0
135290	30.0	240.0	72.0	3.0
135300	30.0	240.0	73.0	2.0
135310	30.0	240.0	74.0	2.0
135320	30.0	270.0	75.0	1.0
135330	30.0	270.0	76.0	0.0
135341	30.0	270.0	77.0	0.0
135350	60.0	270.0	75.0	9.0
135360	60.0	270.0	76.0	7.0
135370	60.0	270.0	78.0	5.0
135380	60.0	270.0	79.0	4.0
135391	60.0	270.0	80.0	3.0
135400	60.0	270.0	81.0	2.0
135410	60.0	270.0	82.0	1.0
135420	60.0	270.0	83.0	1.0
135431	60.0	270.0	84.0	0.0
135440	60.0	270.0	85.0	0.0
135450	60.0	270.0	86.0	0.0
135460	60.0	270.0	87.0	0.0
135471	60.0	270.0	87.0	0.0
135480	60.0	270.0	88.0	0.0
135490	60.0	270.0	89.0	0.0
135500	60.0	270.0	90.0	0.0
135511	60.0	270.0	91.0	-1.0
135521	60.0	270.0	92.0	-1.0
135530	90.0	270.0	89.0	10.0
135540	90.0	270.0	91.0	8.0
135550	90.0	270.0	92.0	6.0
135561	90.0	300.0	93.0	3.0
135570	90.0	300.0	94.0	2.0
135580	90.0	300.0	95.0	1.0
135590	90.0	300.0	96.0	0.0
135601	90.0	300.0	97.0	0.0
135611	120.0	300.0	95.0	11.0
135620	120.0	300.0	96.0	9.0
135630	120.0	300.0	97.0	7.0
135641	120.0	300.0	99.0	6.0
135651	120.0	300.0	100.0	4.0
135660	120.0	300.0	101.0	3.0
135670	120.0	300.0	102.0	3.0
135681	120.0	300.0	103.0	2.0
135691	120.0	300.0	104.0	1.0
135701	120.0	300.0	105.0	1.0
135710	120.0	300.0	105.0	1.0
135720	120.0	300.0	106.0	0.0
135731	120.0	300.0	107.0	0.0
135741	150.0	300.0	105.0	11.0
135750	150.0	300.0	106.0	9.0
135760	150.0	300.0	107.0	8.0
135771	150.0	300.0	109.0	6.0
135781	150.0	300.0	110.0	5.0
135791	150.0	300.0	111.0	4.0
135800	150.0	300.0	112.0	3.0
135811	150.0	300.0	113.0	3.0
135821	150.0	300.0	114.0	2.0
135831	180.0	300.0	111.0	13.0
135840	180.0	300.0	113.0	11.0
135851	180.0	300.0	114.0	9.0
135861	180.0	300.0	115.0	8.0
135871	180.0	300.0	116.0	7.0
135880	180.0	300.0	117.0	6.0
135890	180.0	300.0	118.0	5.0
135901	180.0	300.0	119.0	4.0
135911	180.0	300.0	120.0	4.0
135921	180.0	300.0	121.0	3.0
135930	210.0	300.0	122.0	3.0
135941	210.0	300.0	120.0	14.0
135951	210.0	300.0	121.0	12.0
135961	210.0	300.0	122.0	10.0
135970	210.0	300.0	123.0	9.0
135981	210.0	300.0	124.0	7.0
135991	210.0	300.0	125.0	6.0
136001	210.0	300.0	126.0	6.0
136011	210.0	300.0	127.0	5.0
136020	210.0	300.0	128.0	4.0
136031	210.0	300.0	129.0	4.0
136041	210.0	300.0	130.0	4.0
136051	210.0	300.0	131.0	3.0
136060	240.0	300.0	129.0	15.0
136071	240.0	300.0	130.0	13.0
136081	240.0	300.0	131.0	11.0
136091	240.0	300.0	132.0	9.0
136101	240.0	300.0	133.0	8.0
136111	240.0	300.0	135.0	7.0
136121	240.0	300.0	136.0	7.0
136131	240.0	300.0	136.0	6.0
136141	240.0	300.0	137.0	5.0
136151	270.0	300.0	135.0	16.0
136161	270.0	300.0	137.0	14.0
136171	270.0	300.0	138.0	12.0
136181	270.0	300.0	139.0	11.0
136190	270.0	300.0	140.0	10.0
136201	270.0	300.0	141.0	9.0
136211	270.0	300.0	142.0	8.0
136221	270.0	300.0	143.0	7.0
136231	270.0	300.0	144.0	7.0
136241	270.0	300.0	145.0	6.0
136251	270.0	300.0	146.0	6.0
136261	270.0	300.0	147.0	5.0
136271	270.0	300.0	148.0	5.0
136281	270.0	300.0	148.0	5.0
136291	270.0	300.0	149.0	5.0
136301	270.0	300.0	150.0	5.0
136311	300.0	300.0	148.0	16.0
136322	300.0	300.0	149.0	14.0
136331	300.0	300.0	150.0	12.0
136341	300.0	300.0	151.0	11.0
136351	300.0	300.0	153.0	10.0
136361	300.0	300.0	154.0	9.0
136371	300.0	300.0	155.0	8.0
136381	300.0	300.0	156.0	8.0
136391	300.0	300.0	156.0	7.0
136401	300.0	300.0	157.0	7.0
136412	300.0	300.0	158.0	7.0
136421	330.0	300.0	156.0	24.0
136431	330.0	300.0	157.0	22.0
136441	330.0	300.0	159.0	21.0
136452	330.0	300.0	160.0	20.0
136461	330.0	300.0	161.0	19.0
136471	330.0	300.0	162.0	18.0
136481	330.0	300.0	163.0	18.0
136492	330.0	300.0	164.0	18.0
136502	0.0	300.0	162.0	35.0
136511	0.0	300.0	163.0	34.0
136521	0.0	300.0	164.0	32.0
136531	0.0	300.0	165.0	31.0
136542	0.0	300.0	166.0	31.0
136551	0.0	300.0	167.0	31.0
136561	0.0	300.0	168.0	30.0
136571	0.0	300.0	169.0	30.0
136582	0.0	300.0	170.0	31.0
136592	0.0	300.0	171.0	31.0
136601	0.0	300.0	172.0	31.0
136611	0.0	300.0	173.0	32.0
136622	0.0	300.0	174.0	32.0
136632	30.0	300.0	172.0	50.0
136641	30.0	300.0	173.0	49.0
136651	30.0	300.0	174.0	49.0
136662	30.0	300.0	175.0	48.0
136672	30.0	300.0	176.0	48.0
136682	60.0	300.0	174.0	66.0
136691	60.0	300.0	176.0	65.0
136701	60.0	330.0	177.0	55.0
136712	60.0	330.0	178.0	55.0
136722	60.0	330.0	179.0	54.0
136731	60.0	330.0	180.0	55.0
136741	60.0	330.0	181.0	55.0
136752	60.0	330.0	182.0	55.0
136762	60.0	330.0	183.0	56.0
136771	60.0	330.0	184.0	57.0
136781	60.0	0.0	185.0	48.0
136792	90.0	0.0	186.0	55.0
136802	90.0	0.0	184.0	68.0
136812	90.0	0.0	185.0	67.0
136821	90.0	0.0	186.0	66.0
136832	90.0	0.0	188.0	66.0
136842	120.0	0.0	189.0	66.0
136852	120.0	0.0	187.0	84.0
136861	120.0	0.0	188.0	83.0
136871	120.0	30.0	189.0	73.0
136882	120.0	30.0	190.0	73.0
136892	120.0	30.0	192.0	73.0
136901	120.0	30.0	193.0	73.0
136911	120.0	30.0	194.0	73.0
136922	120.0	30.0	195.0	74.0
136932	120.0	30.0	196.0	75.0
136942	150.0	30.0	197.0	81.0
136951	150.0	30.0	194.0	94.0
136962	150.0	60.0	196.0	84.0
136972	150.0	90.0	197.0	74.0
136982	150.0	90.0	198.0	74.0
136991	150.0	90.0	199.0	74.0
137001	150.0	90.0	200.0	75.0
137012	150.0	90.0	201.0	75.0
137022	180.0	90.0	199.0	93.0
137031	180.0	90.0	200.0	92.0
137041	180.0	90.0	202.0	91.0
137052	180.0	120.0	203.0	81.0
137062	180.0	120.0	204.0	81.0
137072	180.0	120.0	205.0	81.0
137081	180.0	150.0	206.0	72.0
137092	180.0	150.0	207.0	73.0
137102	210.0	150.0	205.0	91.0
137112	210.0	150.0	206.0	89.0
137121	210.0	150.0	207.0	89.0
137132	210.0	150.0	207.0	88.0
137142	210.0	150.0	207.0	88.0
137152	210.0	180.0	207.0	78.0
137162	210.0	180.0	207.0	78.0
137171	210.0	180.0	207.0	78.0
137182	210.0	180.0	207.0	78.0
137192	210.0	210.0	207.0	79.0
137202	240.0	210.0	207.0	87.0
137211	240.0	210.0	207.0	86.0
137222	240.0	210.0	207.0	85.0
137232	240.0	210.0	207.0	84.0
137242	240.0	240.0	207.0	74.0
137251	270.0	240.0	207.0	92.0
137262	270.0	240.0	207.0	90.0
137272	270.0	240.0	207.0	88.0
137282	270.0	240.0	207.0	87.0
137292	270.0	240.0	207.0	86.0
137302	270.0	240.0	207.0	86.0
137312	270.0	240.0	207.0	85.0
137322	270.0	270.0	207.0	76.0
137332	270.0	270.0	207.0	76.0
137341	270.0	270.0	207.0	75.0
137352	270.0	270.0	207.0	75.0
137362	300.0	300.0	207.0	84.0
137372	300.0	300.0	207.0	82.0
137381	300.0	300.0	207.0	81.0
137392	300.0	300.0	207.0	80.0
137402	300.0	300.0	207.0	79.0
137412	300.0	300.0	207.0	78.0
137422	300.0	300.0	207.0	78.0
137432	330.0	300.0	207.0	95.0
137442	330.0	300.0	207.0	93.0
137452	330.0	330.0	207.0	82.0
137462	330.0	330.0	207.0	81.0
137472	330.0	330.0	207.0	80.0
137482	0.0	0.0	207.0	87.0
137492	0.0	0.0	207.0	85.0
137502	0.0	0.0	207.0	84.0
137512	0.0	0.0	207.0	82.0
137522	0.0	0.0	207.0	81.0
137532	0.0	30.0	207.0	77.0
137542	0.0	30.0	207.0	76.0
137552	0.0	30.0	207.0	76.0
137562	0.0	30.0	207.0	76.0
137572	30.0	30.0	207.0	87.0
137582	30.0	30.0	207.0	85.0
137592	30.0	30.0	207.0	83.0
137603	60.0	60.0	207.0	90.0
137612	60.0	90.0	207.0	85.0
137622	60.0	90.0	207.0	83.0
137632	60.0	90.0	207.0	81.0
137643	60.0	90.0	207.0	80.0
137652	60.0	90.0	207.0	79.0
137662	60.0	90.0	207.0	78.0
137672	60.0	90.0	207.0	78.0
137682	90.0	120.0	207.0	85.0
137692	90.0	120.0	207.0	83.0
137702	90.0	120.0	207.0	82.0
137712	120.0	150.0	207.0	89.0
137722	120.0	150.0	207.0	86.0
137733	120.0	150.0	207.0	84.0
137742	120.0	150.0	207.0	82.0
137752	120.0	150.0	207.0	81.0
137762	120.0	150.0	207.0	80.0
137773	120.0	180.0	207.0	76.0
137782	120.0	180.0	207.0	75.0
137792	150.0	180.0	207.0	87.0
137802	150.0	180.0	207.0	84.0
137812	150.0	210.0	207.0	79.0
137823	150.0	210.0	207.0	78.0
137832	150.0	210.0	207.0	78.0
137842	180.0	210.0	207.0	88.0
137852	180.0	240.0	207.0	83.0
137863	180.0	240.0	207.0	81.0
137872	180.0	240.0	207.0	80.0
137882	180.0	240.0	207.0	79.0
137892	180.0	240.0	207.0	78.0
137903	210.0	240.0	207.0	88.0
137912	210.0	240.0	207.0	86.0
137922	210.0	240.0	207.0	84.0
137932	210.0	270.0	207.0	79.0
137943	210.0	270.0	207.0	78.0
137953	210.0	270.0	207.0	77.0
137962	210.0	270.0	207.0	77.0
137972	210.0	300.0	207.0	73.0
137982	240.0	300.0	207.0	84.0
137993	240.0	300.0	207.0	82.0
138002	240.0	300.0	207.0	81.0
138012	240.0	300.0	207.0	80.0
138022	270.0	300.0	207.0	90.0
138033	270.0	300.0	207.0	87.0
138042	270.0	300.0	207.0	85.0
138052	270.0	330.0	207.0	80.0
138062	270.0	330.0	207.0	79.0
138073	270.0	330.0	207.0	78.0
138083	270.0	0.0	207.0	74.0
138092	270.0	0.0	207.0	74.0
138102	300.0	0.0	207.0	85.0
138113	300.0	0.0	207.0	83.0
138123	300.0	0.0	207.0	81.0
138132	300.0	30.0	207.0	77.0
138142	300.0	30.0	207.0	76.0
138152	300.0	30.0	207.0	75.0
138163	330.0	30.0	207.0	86.0
138173	330.0	30.0	207.0	84.0
138182	330.0	30.0	207.0	82.0
138192	330.0	30.0	207.0	81.0
138203	0.0	60.0	207.0	88.0
138213	0.0	90.0	207.0	82.0
138222	0.0	90.0	207.0	80.0
138232	0.0	90.0	207.0	79.0
138243	0.0	90.0	207.0	78.0
138253	0.0	90.0	207.0	77.0
138263	0.0	90.0	207.0	76.0
138272	0.0	120.0	207.0	72.0
138283	30.0	120.0	207.0	84.0
138293	30.0	120.0	207.0	82.0
138303	30.0	150.0	207.0	77.0
138312	60.0	150.0	207.0	87.0
138322	60.0	150.0	207.0	85.0
138333	60.0	150.0	207.0	83.0
138343	60.0	150.0	207.0	81.0
138352	60.0	180.0	207.0	76.0
138362	60.0	180.0	207.0	75.0
138373	60.0	180.0	207.0	75.0
138383	90.0	180.0	207.0	86.0
138393	90.0	180.0	207.0	83.0
138402	90.0	210.0	207.0	78.0
138413	120.0	210.0	207.0	89.0
138423	120.0	210.0	207.0	86.0
138433	120.0	210.0	207.0	83.0
138442	120.0	240.0	207.0	78.0
138452	120.0	240.0	207.0	77.0
138463	120.0	240.0	207.0	76.0
138473	120.0	240.0	207.0	75.0
138483	150.0	240.0	207.0	86.0
138492	150.0	240.0	207.0	84.0
138503	150.0	240.0	207.0	82.0
138513	150.0	270.0	207.0	77.0
138523	150.0	270.0	207.0	76.0
138532	150.0	270.0	207.0	75.0
138543	180.0	270.0	207.0	86.0
138553	180.0	300.0	207.0	80.0
138563	180.0	300.0	207.0	79.0
138573	180.0	300.0	207.0	78.0
138583	180.0	300.0	207.0	76.0
138593	180.0	300.0	207.0	76.0
138603	210.0	300.0	207.0	86.0
138613	210.0	300.0	207.0	84.0
138622	210.0	330.0	207.0	79.0
138633	210.0	330.0	207.0	77.0
138643	210.0	330.0	207.0	76.0
138653	210.0	0.0	207.0	72.0
138663	210.0	0.0	207.0	72.0
138673	210.0	0.0	207.0	72.0
138683	240.0	0.0	207.0	83.0
138693	240.0	0.0	207.0	81.0
138703	240.0	30.0	207.0	76.0
138713	240.0	30.0	207.0	75.0
138723	270.0	30.0	207.0	86.0
138733	270.0	30.0	207.0	83.0
138743	270.0	30.0	207.0	81.0
138753	270.0	30.0	207.0	79.0
138763	270.0	60.0	207.0	78.0
138773	270.0	90.0	207.0	71.0
138783	270.0	90.0	207.0	70.0
138793	270.0	90.0	207.0	70.0
138803	270.0	90.0	207.0	70.0
138813	300.0	90.0	207.0	82.0
138823	300.0	90.0	207.0	80.0
138833	300.0	90.0	207.0	78.0
138843	300.0	120.0	207.0	73.0
138853	300.0	120.0	207.0	73.0
138863	300.0	150.0	207.0	69.0
138873	300.0	150.0	207.0	69.0
138884	330.0	150.0	207.0	80.0
138893	330.0	150.0	207.0	78.0
138903	330.0	150.0	207.0	77.0
138913	330.0	150.0	207.0	76.0
138924	330.0	180.0	207.0	71.0
138933	0.0	180.0	207.0	82.0
138943	0.0	180.0	207.0	80.0
138953	0.0	180.0	207.0	78.0
138963	0.0	210.0	207.0	73.0
138973	0.0	210.0	207.0	73.0
138983	0.0	210.0	207.0	72.0
138993	0.0	210.0	207.0	71.0
139003	0.0	240.0	207.0	68.0
139014	0.0	240.0	207.0	68.0
139023	30.0	240.0	207.0	79.0
139033	30.0	240.0	207.0	77.0
139043	30.0	240.0	207.0	76.0
139054	30.0	240.0	207.0	74.0
139063	60.0	240.0	207.0	85.0
139073	60.0	270.0	207.0	79.0
139083	60.0	270.0	207.0	77.0
139094	60.0	270.0	207.0	76.0
139104	60.0	270.0	207.0	74.0
139113	60.0	300.0	207.0	70.0
139123	60.0	300.0	207.0	70.0
139133	60.0	300.0	207.0	69.0
139144	60.0	300.0	207.0	69.0
139153	90.0	300.0	207.0	80.0
139163	90.0	300.0	207.0	78.0
139173	90.0	300.0	207.0	76.0
139184	90.0	300.0	207.0	75.0
139194	120.0	330.0	207.0	82.0
139203	120.0	330.0	207.0	80.0
139213	120.0	330.0	207.0	78.0
139224	120.0	0.0	207.0	73.0
139234	120.0	0.0	207.0	72.0
139243	120.0	0.0	207.0	71.0
139253	120.0	0.0	207.0	71.0
139264	120.0	0.0	207.0	70.0
139274	150.0	30.0	207.0	78.0
139283	150.0	30.0	207.0	76.0
139293	150.0	30.0	207.0	75.0
139303	150.0	30.0	207.0	73.0
139314	150.0	30.0	207.0	72.0
139324	150.0	30.0	207.0	71.0
139333	180.0	60.0	207.0	79.0
139343	180.0	90.0	207.0	74.0
139354	180.0	90.0	207.0	73.0
139364	180.0	90.0	207.0	71.0
139373	180.0	90.0	207.0	71.0
139383	180.0	90.0	207.0	70.0
139394	180.0	90.0	207.0	69.0
139404	210.0	90.0	207.0	80.0
139413	210.0	120.0	207.0	75.0
139423	210.0	120.0	207.0	73.0
139433	210.0	150.0	207.0	72.0
139444	210.0	150.0	207.0	68.0
139454	210.0	150.0	207.0	68.0
139463	210.0	150.0	207.0	67.0
139473	210.0	150.0	207.0	67.0
139484	210.0	150.0	207.0	67.0
139494	210.0	180.0	207.0	63.0
139503	240.0	180.0	207.0	75.0
139513	240.0	180.0	207.0	73.0
139524	240.0	180.0	207.0	72.0
139534	240.0	210.0	207.0	71.0
139544	270.0	210.0	207.0	78.0
139553	270.0	210.0	207.0	76.0
139564	270.0	210.0	207.0	74.0
139574	270.0	210.0	207.0	73.0
139584	270.0	240.0	207.0	68.0
139593	270.0	240.0	207.0	68.0
139603	270.0	240.0	207.0	67.0
139614	270.0	240.0	207.0	67.0
139624	270.0	240.0	207.0	66.0
139634	270.0	240.0	207.0	66.0
139643	300.0	240.0	207.0	77.0
139654	300.0	270.0	207.0	72.0
139664	300.0	270.0	207.0	71.0
139674	300.0	270.0	207.0	70.0
139683	300.0	270.0	207.0	69.0
139694	300.0	300.0	207.0	65.0
139704	300.0	300.0	207.0	65.0
139714	330.0	300.0	207.0	64.0
139723	330.0	300.0	207.0	76.0
139734	330.0	300.0	207.0	74.0
139744	330.0	300.0	207.0	72.0
139754	330.0	300.0	207.0	71.0
139764	330.0	300.0	207.0	70.0
139773	0.0	330.0	207.0	77.0
139784	0.0	330.0	207.0	75.0
139794	0.0	330.0	207.0	73.0
139804	0.0	0.0	207.0	68.0
139813	0.0	0.0	207.0	67.0
139824	0.0	0.0	207.0	67.0
139834	0.0	0.0	207.0	66.0
139844	0.0	0.0	207.0	66.0
139854	0.0	30.0	207.0	62.0
139864	30.0	30.0	207.0	74.0
139874	30.0	30.0	207.0	72.0
139884	30.0	30.0	207.0	70.0
139894	60.0	30.0	207.0	81.0
139904	60.0	30.0	207.0	78.0
139914	60.0	60.0	207.0	72.0
139924	60.0	90.0	207.0	68.0
139934	60.0	90.0	207.0	67.0
139943	60.0	90.0	207.0	66.0
139954	60.0	90.0	207.0	65.0
139964	60.0	90.0	207.0	65.0
139974	60.0	90.0	207.0	64.0
139984	90.0	120.0	207.0	72.0
139994	90.0	120.0	207.0	71.0
140004	90.0	120.0	207.0	69.0
140014	90.0	150.0	207.0	65.0
140024	120.0	150.0	207.0	76.0
140034	120.0	150.0	207.0	73.0
140044	120.0	150.0	207.0	71.0
140054	120.0	150.0	207.0	70.0
140064	120.0	180.0	207.0	65.0
140075	120.0	180.0	207.0	65.0
140084	120.0	180.0	207.0	64.0
140094	120.0	180.0	207.0	64.0
140104	150.0	180.0	207.0	63.0
140114	150.0	210.0	207.0	71.0
140124	150.0	210.0	207.0	70.0
140134	150.0	210.0	207.0	68.0
140144	150.0	210.0	207.0	67.0
140154	150.0	240.0	207.0	63.0
140165	150.0	240.0	207.0	62.0
140174	180.0	240.0	207.0	74.0
140184	180.0	240.0	207.0	71.0
140194	180.0	240.0	207.0	70.0
140205	180.0	240.0	207.0	68.0
140214	180.0	240.0	207.0	67.0
140224	180.0	270.0	207.0	66.0
140234	210.0	270.0	207.0	62.0
140244	210.0	270.0	207.0	73.0
140254	210.0	270.0	207.0	71.0
140264	210.0	300.0	207.0	69.0
140274	210.0	300.0	207.0	65.0
140284	210.0	300.0	207.0	64.0
140295	210.0	300.0	207.0	63.0
140304	210.0	300.0	207.0	63.0
140314	210.0	300.0	207.0	63.0
140324	210.0	300.0	207.0	62.0
140335	240.0	300.0	207.0	73.0
140344	240.0	330.0	207.0	68.0
140354	240.0	330.0	207.0	67.0
140364	240.0	330.0	207.0	66.0
140375	240.0	330.0	207.0	65.0
140385	270.0	0.0	207.0	72.0
140394	270.0	0.0	207.0	70.0
140404	270.0	0.0	207.0	68.0
140414	270.0	0.0	207.0	67.0
140425	270.0	30.0	207.0	63.0
140434	270.0	30.0	207.0	62.0
140444	270.0	30.0	207.0	62.0
140454	270.0	30.0	207.0	61.0
140465	270.0	30.0	207.0	61.0
140475	270.0	30.0	207.0	61.0
140484	300.0	30.0	207.0	72.0
140494	300.0	60.0	207.0	67.0
140505	300.0	90.0	207.0	62.0
140515	300.0	90.0	207.0	62.0
140524	300.0	90.0	207.0	61.0
140534	300.0	90.0	207.0	61.0
140545	300.0	90.0	207.0	60.0
140555	300.0	90.0	207.0	60.0
140565	330.0	120.0	207.0	71.0
140574	330.0	120.0	207.0	66.0
140584	330.0	120.0	207.0	65.0
140595	330.0	150.0	207.0	60.0
140605	330.0	150.0	207.0	60.0
140614	0.0	150.0	207.0	71.0
140624	0.0	150.0	207.0	69.0
140635	0.0	150.0	207.0	67.0
140645	0.0	150.0	207.0	65.0
140654	0.0	180.0	207.0	61.0
140664	0.0	180.0	207.0	60.0
140675	0.0	180.0	207.0	60.0
140685	0.0	180.0	207.0	59.0
140695	0.0	180.0	207.0	59.0
140704	0.0	210.0	207.0	56.0
140715	30.0	210.0	207.0	67.0
140725	30.0	210.0	207.0	66.0
140735	30.0	210.0	207.0	64.0
140744	30.0	240.0	207.0	60.0
140754	60.0	240.0	207.0	71.0
140765	60.0	240.0	207.0	68.0
140775	60.0	240.0	207.0	66.0
140785	60.0	240.0	207.0	65.0
140794	60.0	240.0	207.0	64.0
140805	60.0	240.0	207.0	62.0
140815	60.0	240.0	207.0	62.0
140825	60.0	270.0	207.0	58.0
140834	60.0	270.0	207.0	58.0
140845	90.0	270.0	207.0	69.0
140855	90.0	270.0	207.0	67.0
140865	90.0	300.0	207.0	62.0
140874	90.0	300.0	207.0	61.0
140884	90.0	300.0	207.0	60.0
140895	120.0	300.0	207.0	71.0
140905	120.0	300.0	207.0	69.0
140915	120.0	300.0	207.0	67.0
140924	120.0	300.0	207.0	65.0
140935	120.0	300.0	207.0	64.0
140945	120.0	300.0	207.0	63.0
140955	120.0	330.0	207.0	59.0
140964	120.0	330.0	207.0	58.0
140975	120.0	330.0	207.0	58.0
140985	150.0	0.0	207.0	66.0
140995	150.0	0.0	207.0	64.0
141005	150.0	0.0	207.0	63.0
141015	150.0	0.0	207.0	62.0
141025	150.0	0.0	207.0	61.0
141035	150.0	30.0	207.0	57.0
141045	150.0	30.0	207.0	57.0
141054	180.0	30.0	207.0	68.0
141065	180.0	30.0	207.0	66.0
141075	180.0	30.0	207.0	64.0
141085	180.0	30.0	207.0	63.0
141094	180.0	30.0	207.0	62.0
141105	180.0	60.0	207.0	58.0
141115	180.0	90.0	207.0	54.0
141125	210.0	90.0	207.0	66.0
141135	210.0	90.0	207.0	64.0
141145	210.0	90.0	207.0	62.0
141155	210.0	90.0	207.0	61.0
141165	210.0	90.0	207.0	60.0
141175	210.0	120.0	207.0	59.0
141185	210.0	120.0	207.0	56.0
141195	210.0	120.0	207.0	55.0
141205	210.0	150.0	207.0	52.0
141215	210.0	150.0	207.0	52.0
141225	210.0	150.0	207.0	53.0
141235	240.0	150.0	207.0	64.0
141245	240.0	150.0	207.0	63.0
141255	240.0	150.0	207.0	61.0
141265	240.0	150.0	207.0	60.0
141275	240.0	180.0	207.0	56.0
141285	270.0	180.0	207.0	67.0
141295	270.0	180.0	207.0	65.0
141305	270.0	180.0	207.0	63.0
141316	270.0	210.0	207.0	58.0
141325	270.0	210.0	207.0	57.0
141335	270.0	210.0	207.0	57.0
141345	270.0	210.0	207.0	56.0
141356	270.0	210.0	207.0	56.0
141365	270.0	240.0	207.0	52.0
141375	270.0	240.0	207.0	52.0
141385	270.0	240.0	207.0	52.0
141395	300.0	240.0	207.0	64.0
141405	300.0	240.0	207.0	62.0
141415	300.0	240.0	207.0	60.0
141425	300.0	240.0	207.0	59.0
141435	300.0	240.0	207.0	58.0
141446	300.0	270.0	207.0	54.0
141455	300.0	270.0	207.0	54.0
141465	330.0	270.0	207.0	65.0
141475	330.0	270.0	207.0	63.0
141486	330.0	300.0	207.0	58.0
141495	330.0	300.0	207.0	57.0
141505	330.0	300.0	207.0	56.0
141515	330.0	300.0	207.0	56.0
141526	0.0	300.0	207.0	67.0
141536	0.0	300.0	207.0	64.0
141545	0.0	300.0	207.0	62.0
141555	0.0	300.0	207.0	61.0
141565	0.0	330.0	207.0	56.0
141576	0.0	330.0	207.0	56.0
141585	0.0	330.0	207.0	55.0
141595	0.0	330.0	207.0	55.0
141605	0.0	0.0	207.0	51.0
141616	0.0	0.0	207.0	51.0
141626	30.0	0.0	207.0	63.0
141635	30.0	0.0	207.0	61.0
141645	30.0	0.0	207.0	59.0
141656	30.0	30.0	207.0	55.0
141666	60.0	30.0	207.0	66.0
141675	60.0	30.0	207.0	64.0
141685	60.0	30.0	207.0	62.0
141696	60.0	30.0	207.0	60.0
141706	60.0	30.0	207.0	59.0
141715	60.0	30.0	207.0	57.0
141725	60.0	30.0	207.0	57.0
141735	60.0	60.0	207.0	53.0
141746	60.0	90.0	207.0	49.0
141756	60.0	90.0	207.0	50.0
141765	90.0	90.0	207.0	61.0
141775	90.0	90.0	207.0	60.0
141786	90.0	90.0	207.0	58.0
141796	90.0	90.0	207.0	57.0
141805	120.0	120.0	207.0	67.0
141815	120.0	120.0	207.0	62.0
141826	120.0	120.0	207.0	60.0
141836	120.0	150.0	207.0	55.0
141845	120.0	150.0	207.0	54.0
141855	120.0	150.0	207.0	54.0
141865	120.0	150.0	207.0	53.0
141876	120.0	150.0	207.0	53.0
141886	120.0	150.0	207.0	52.0
141895	120.0	150.0	207.0	52.0
141905	150.0	180.0	207.0	60.0
141916	150.0	180.0	207.0	58.0
141926	150.0	180.0	207.0	57.0
141935	150.0	180.0	207.0	56.0
141945	150.0	180.0	207.0	55.0
141956	150.0	210.0	207.0	51.0
141966	180.0	210.0	207.0	51.0
141976	180.0	210.0	207.0	62.0
141985	180.0	210.0	207.0	60.0
141996	180.0	240.0	207.0	55.0
142006	180.0	240.0	207.0	54.0
142016	180.0	240.0	207.0	53.0
142025	180.0	240.0	207.0	53.0
142035	180.0	240.0	207.0	52.0
142046	210.0	240.0	207.0	63.0
142056	210.0	240.0	207.0	61.0
142065	210.0	240.0	207.0	59.0
142075	210.0	240.0	207.0	57.0
142086	210.0	270.0	207.0	53.0
142096	210.0	270.0	207.0	52.0
142106	210.0	270.0	207.0	52.0
142115	210.0	270.0	207.0	52.0
142126	210.0	300.0	207.0	51.0
142136	210.0	300.0	207.0	48.0
142146	210.0	300.0	207.0	48.0
142155	240.0	300.0	207.0	60.0
142166	240.0	300.0	207.0	58.0
142176	240.0	300.0	207.0	56.0
142186	240.0	300.0	207.0	55.0
142196	240.0	300.0	207.0	54.0
142205	270.0	300.0	207.0	65.0
142216	270.0	300.0	207.0	62.0
142226	270.0	330.0	207.0	57.0
142236	270.0	330.0	207.0	56.0
142245	270.0	330.0	207.0	55.0
142256	270.0	0.0	207.0	51.0
142266	270.0	0.0	207.0	50.0
142276	270.0	0.0	207.0	50.0
142285	270.0	0.0	207.0	50.0
142296	270.0	0.0	207.0	49.0
142306	270.0	0.0	207.0	49.0
142316	270.0	30.0	207.0	46.0
142326	300.0	30.0	207.0	58.0
142336	300.0	30.0	207.0	56.0
142346	300.0	30.0	207.0	55.0
142356	300.0	30.0	207.0	54.0
142366	300.0	30.0	207.0	53.0
142375	300.0	30.0	207.0	52.0
142386	300.0	30.0	207.0	51.0
142396	300.0	60.0	207.0	48.0
142406	330.0	90.0	207.0	56.0
142416	330.0	90.0	207.0	55.0
142426	330.0	90.0	207.0	53.0
142436	330.0	90.0	207.0	52.0
142446	330.0	90.0	207.0	51.0
142456	330.0	90.0	207.0	51.0
142466	0.0	90.0	207.0	62.0
142476	0.0	120.0	207.0	59.0
142486	0.0	120.0	207.0	54.0
142496	0.0	120.0	207.0	53.0
142505	0.0	120.0	207.0	52.0
142516	0.0	150.0	207.0	48.0
142526	0.0	150.0	207.0	48.0
142536	0.0	150.0	207.0	48.0
142546	0.0	150.0	207.0	47.0
142556	0.0	150.0	207.0	47.0
142566	0.0	150.0	207.0	47.0
142576	30.0	150.0	207.0	59.0
142586	30.0	180.0	207.0	53.0
142596	30.0	180.0	207.0	52.0
142606	30.0	180.0	207.0	51.0
142616	60.0	180.0	207.0	62.0
142626	60.0	180.0	207.0	59.0
142637	60.0	210.0	207.0	54.0
142646	60.0	210.0	207.0	53.0
142656	60.0	210.0	207.0	52.0
142666	60.0	210.0	207.0	51.0
142676	60.0	210.0	207.0	50.0
142686	60.0	240.0	207.0	46.0
142696	60.0	240.0	207.0	46.0
142706	60.0	240.0	207.0	46.0
142716	90.0	240.0	207.0	57.0
142727	90.0	240.0	207.0	55.0
142736	90.0	240.0	207.0	54.0
142746	90.0	240.0	207.0	53.0
142756	90.0	240.0	207.0	51.0
142767	120.0	270.0	207.0	62.0
142776	120.0	270.0	207.0	56.0
142786	120.0	270.0	207.0	55.0
142796	120.0	270.0	207.0	53.0
142807	120.0	270.0	207.0	52.0
142816	120.0	300.0	207.0	48.0
142826	120.0	300.0	207.0	47.0
142836	120.0	300.0	207.0	47.0
142846	120.0	300.0	207.0	47.0
142857	120.0	300.0	207.0	47.0
142866	150.0	300.0	207.0	58.0
142876	150.0	300.0	207.0	56.0
142886	150.0	300.0	207.0	54.0
142897	150.0	300.0	207.0	53.0
142906	150.0	300.0	207.0	52.0
142916	150.0	330.0	207.0	48.0
142926	150.0	330.0	207.0	47.0
142937	180.0	330.0	207.0	58.0
142946	180.0	330.0	207.0	56.0
142956	180.0	0.0	207.0	51.0
142966	180.0	0.0	207.0	50.0
142977	180.0	0.0	207.0	50.0
142987	180.0	0.0	207.0	49.0
142996	180.0	0.0	207.0	48.0
143006	180.0	30.0	207.0	45.0
143016	210.0	30.0	207.0	56.0
143027	210.0	30.0	207.0	54.0
143036	210.0	30.0	207.0	53.0
143046	210.0	30.0	207.0	51.0
143056	210.0	30.0	207.0	50.0
143067	210.0	30.0	207.0	49.0
143077	210.0	30.0	207.0	49.0
143086	210.0	60.0	207.0	48.0
143096	210.0	90.0	207.0	41.0
143107	210.0	90.0	207.0	42.0
143117	240.0	90.0	207.0	54.0
143126	240.0	90.0	207.0	52.0
143136	240.0	90.0	207.0	51.0
143147	240.0	90.0	207.0	50.0
143157	240.0	90.0	207.0	49.0
143167	240.0	90.0	207.0	48.0
143176	270.0	120.0	207.0	56.0
143186	270.0	120.0	207.0	54.0
143197	270.0	120.0	207.0	52.0
143207	270.0	120.0	207.0	51.0
143216	270.0	150.0	207.0	46.0
143226	270.0	150.0	207.0	46.0
143237	270.0	150.0	207.0	46.0
143247	270.0	150.0	207.0	45.0
143256	270.0	150.0	207.0	45.0
143266	270.0	150.0	207.0	45.0
143277	270.0	150.0	207.0	44.0
143287	300.0	180.0	207.0	53.0
143297	300.0	180.0	207.0	51.0
143306	300.0	180.0	207.0	50.0
143316	300.0	180.0	207.0	49.0
143327	300.0	180.0	207.0	48.0
143337	300.0	210.0	207.0	44.0
143346	300.0	210.0	207.0	44.0
143356	300.0	210.0	207.0	43.0
143367	330.0	210.0	207.0	55.0
143377	330.0	210.0	207.0	53.0
143387	330.0	240.0	207.0	51.0
143396	330.0	240.0	207.0	47.0
143407	330.0	240.0	207.0	46.0
143417	330.0	240.0	207.0	45.0
143427	330.0	240.0	207.0	45.0
143436	0.0	240.0	207.0	56.0
143447	0.0	240.0	207.0	54.0
143457	0.0	240.0	207.0	52.0
143467	0.0	240.0	207.0	50.0
143476	0.0	270.0	207.0	46.0
143486	0.0	270.0	207.0	45.0
143497	0.0	270.0	207.0	45.0
143507	0.0	270.0	207.0	44.0
143517	0.0	270.0	207.0	44.0
143526	0.0	270.0	207.0	44.0
143537	30.0	300.0	207.0	52.0
143547	30.0	300.0	207.0	50.0
143557	30.0	300.0	207.0	49.0
143566	30.0	300.0	207.0	48.0
143577	30.0	300.0	207.0	47.0
143587	60.0	300.0	207.0	58.0
143597	60.0	300.0	207.0	55.0
143607	60.0	300.0	207.0	53.0
143617	60.0	300.0	207.0	51.0
143627	60.0	330.0	207.0	47.0
143637	60.0	330.0	207.0	46.0
143647	60.0	330.0	207.0	45.0
143656	60.0	330.0	207.0	45.0
143667	60.0	0.0	207.0	41.0
143677	60.0	0.0	207.0	41.0
143687	90.0	0.0	207.0	53.0
143697	90.0	0.0	207.0	51.0
143707	90.0	0.0	207.0	50.0
143717	90.0	0.0	207.0	48.0
143727	90.0	30.0	207.0	44.0
143737	120.0	30.0	207.0	55.0
143747	120.0	30.0	207.0	53.0
143757	120.0	30.0	207.0	51.0
143767	120.0	30.0	207.0	49.0
143777	120.0	30.0	207.0	48.0
143787	120.0	30.0	207.0	47.0
143797	120.0	30.0	207.0	46.0
143807	120.0	30.0	207.0	46.0
143817	120.0	60.0	207.0	42.0
143827	150.0	90.0	207.0	50.0
143837	150.0	90.0	207.0	49.0
143847	150.0	90.0	207.0	47.0
143857	150.0	90.0	207.0	46.0
143867	150.0	90.0	207.0	46.0
143877	150.0	90.0	207.0	45.0
143887	150.0	90.0	207.0	44.0
143897	180.0	90.0	207.0	55.0
143907	180.0	120.0	207.0	50.0
143918	180.0	120.0	207.0	48.0
143927	180.0	120.0	207.0	47.0
143937	180.0	120.0	207.0	46.0
143947	180.0	150.0	207.0	42.0
143958	180.0	150.0	207.0	42.0
143967	180.0	150.0	207.0	42.0
143977	180.0	150.0	207.0	41.0
143987	210.0	150.0	207.0	53.0
143997	210.0	150.0	207.0	51.0
144007	210.0	150.0	207.0	49.0
144017	210.0	150.0	207.0	48.0
144027	210.0	180.0	207.0	44.0
144037	210.0	180.0	207.0	43.0
144048	210.0	180.0	207.0	43.0
144057	210.0	180.0	207.0	42.0
144067	210.0	180.0	207.0	42.0
144077	210.0	180.0	207.0	42.0
144088	240.0	210.0	207.0	38.0
144097	240.0	210.0	207.0	50.0
144107	240.0	210.0	207.0	48.0
144117	240.0	210.0	207.0	47.0
144128	240.0	210.0	207.0	46.0
144138	240.0	240.0	207.0	42.0
144147	270.0	240.0	207.0	53.0
144157	270.0	240.0	207.0	51.0
144167	270.0	240.0	207.0	49.0
144178	270.0	240.0	207.0	47.0
144187	270.0	240.0	207.0	46.0
144197	270.0	240.0	207.0	45.0
144207	270.0	240.0	207.0	44.0
144218	270.0	240.0	207.0	44.0
144227	270.0	240.0	207.0	43.0
144237	270.0	270.0	207.0	39.0
144247	270.0	270.0	207.0	40.0
144258	270.0	270.0	207.0	40.0
144268	300.0	270.0	207.0	51.0
144277	300.0	270.0	207.0	49.0
144287	300.0	270.0	207.0	48.0
144297	300.0	300.0	207.0	43.0
144308	300.0	300.0	207.0	43.0
144317	300.0	300.0	207.0	42.0
144327	300.0	300.0	207.0	42.0
144337	300.0	300.0	207.0	41.0
144348	330.0	300.0	207.0	52.0
144358	330.0	300.0	207.0	50.0
144367	330.0	300.0	207.0	49.0
144377	330.0	300.0	207.0	47.0
144388	330.0	300.0	207.0	46.0
144398	330.0	300.0	207.0	45.0
144407	330.0	330.0	207.0	41.0
144417	0.0	330.0	207.0	52.0
144428	0.0	330.0	207.0	50.0
144438	0.0	330.0	207.0	48.0
144447	0.0	0.0	207.0	47.0
144457	0.0	0.0	207.0	43.0
144467	0.0	0.0	207.0	42.0
144478	0.0	0.0	207.0	42.0
144488	0.0	0.0	207.0	41.0
144497	0.0	0.0	207.0	41.0
144507	0.0	0.0	207.0	41.0
144518	30.0	30.0	207.0	49.0
144528	30.0	30.0	207.0	47.0
144537	30.0	30.0	207.0	46.0
144547	30.0	30.0	207.0	45.0
144558	30.0	30.0	207.0	44.0
144568	60.0	30.0	207.0	55.0
144577	60.0	30.0	207.0	52.0
144587	60.0	30.0	207.0	50.0
144598	60.0	30.0	207.0	48.0
144608	60.0	60.0	207.0	47.0
144618	60.0	90.0	207.0	43.0
144627	60.0	90.0	207.0	39.0
144637	60.0	90.0	207.0	39.0
144648	60.0	90.0	207.0	39.0
144658	60.0	90.0	207.0	39.0
144667	90.0	90.0	207.0	50.0
144677	90.0	90.0	207.0	48.0
144688	90.0	90.0	207.0	47.0
144698	90.0	90.0	207.0	45.0
144708	90.0	120.0	207.0	41.0
144717	120.0	120.0	207.0	52.0
144728	120.0	120.0	207.0	50.0
144738	120.0	120.0	207.0	48.0
144748	120.0	150.0	207.0	43.0
144757	120.0	150.0	207.0	43.0
144768	120.0	150.0	207.0	42.0
144778	120.0	150.0	207.0	41.0
144788	120.0	150.0	207.0	41.0
144798	120.0	150.0	207.0	40.0
144807	150.0	150.0	207.0	40.0
144818	150.0	150.0	207.0	51.0
144828	150.0	180.0	207.0	46.0
144838	150.0	180.0	207.0	45.0
144847	150.0	180.0	207.0	44.0
144858	150.0	180.0	207.0	43.0
144868	150.0	180.0	207.0	42.0
144878	150.0	180.0	207.0	41.0
144887	180.0	210.0	207.0	49.0
144898	180.0	210.0	207.0	47.0
144908	180.0	210.0	207.0	46.0
144918	180.0	210.0	207.0	44.0
144928	180.0	210.0	207.0	43.0
144937	180.0	210.0	207.0	42.0
144948	180.0	240.0	207.0	39.0
144958	180.0	240.0	207.0	38.0
144968	210.0	240.0	207.0	50.0
144977	210.0	240.0	207.0	48.0
144988	210.0	240.0	207.0	46.0
144998	210.0	240.0	207.0	45.0
145008	210.0	240.0	207.0	44.0
