2947,0.0,0.0,0.0,0.0,0.0,0.0
2957,0.0,0.0,0.0,0.0,0.0,0.0
2967,0.0,0.0,0.0,0.0,0.0,0.0
2977,0.0,0.0,0.0,0.0,0.0,0.0
2987,0.0,0.0,0.0,0.0,0.0,0.0
2997,0.0,0.0,0.0,0.0,0.0,0.0
3007,0.0,0.0,0.0,0.0,0.0,0.0
3017,0.0,0.0,0.0,0.0,0.0,0.0
3027,0.0,0.0,0.0,0.0,0.0,0.0
3037,0.0,0.0,0.0,0.0,0.0,0.0
3047,0.0,0.0,0.0,0.0,0.0,0.0
3057,0.0,0.0,0.0,0.0,0.0,0.0
3067,0.0,0.0,0.0,0.0,0.0,0.0
3078,0.0,0.0,0.0,0.0,0.0,0.0
3088,0.0,0.0,0.0,0.0,0.0,0.0
3097,0.0,0.0,0.0,0.0,0.0,0.0
3107,0.0,0.0,0.0,0.0,0.0,0.0
3118,0.0,0.0,0.0,0.0,0.0,0.0
3128,0.0,0.0,0.0,0.0,0.0,0.0
3138,0.0,0.0,0.0,0.0,0.0,0.0
3147,0.0,0.0,0.0,0.0,0.0,0.0
3158,0.0,0.0,0.0,0.0,0.0,0.0
3168,0.0,0.0,0.0,0.0,0.0,0.0
3178,0.0,0.0,0.0,0.0,0.0,0.0
3188,0.0,0.0,0.0,0.0,0.0,0.0
3198,0.0,0.0,0.0,0.0,0.0,0.0
3208,0.0,0.0,0.0,0.0,0.0,0.0
3218,0.0,0.0,0.0,0.0,0.0,0.0
3228,0.0,0.0,0.0,0.0,0.0,0.0
3238,0.0,0.0,0.0,0.0,0.0,0.0
3249,0.0,0.0,0.0,0.0,0.0,0.0
3259,0.0,0.0,0.0,0.0,0.0,0.0
3268,0.0,0.0,0.0,0.0,0.0,0.0
3278,0.0,0.0,0.0,0.0,0.0,0.0
3289,0.0,0.0,0.0,0.0,0.0,0.0
3299,0.0,0.0,0.0,0.0,0.0,0.0
3309,0.0,0.0,0.0,0.0,0.0,0.0
3319,0.0,0.0,0.0,0.0,0.0,0.0
3330,0.0,0.0,0.0,0.0,0.0,0.0
3339,0.0,0.0,0.0,0.0,0.0,0.0
3349,0.0,0.0,0.0,0.0,0.0,0.0
3359,0.0,0.0,0.0,0.0,0.0,0.0
3369,0.0,0.0,0.0,0.0,0.0,0.0
3380,0.0,0.0,0.0,0.0,0.0,0.0
3390,0.0,0.0,0.0,0.0,0.0,0.0
3399,0.0,0.0,0.0,0.0,0.0,0.0
3409,0.0,0.0,0.0,0.0,0.0,0.0
3420,0.0,0.0,0.0,0.0,0.0,0.0
3430,0.0,0.0,0.0,0.0,0.0,0.0
3440,0.0,0.0,0.0,0.0,0.0,0.0
3450,0.0,0.0,0.0,0.0,0.0,0.0
3460,0.0,0.0,0.0,0.0,0.0,0.0
3470,0.0,0.0,0.0,0.0,0.0,0.0
3480,0.0,0.0,0.0,0.0,0.0,0.0
3490,0.0,0.0,0.0,0.0,0.0,0.0
3501,0.0,0.0,0.0,0.0,0.0,0.0
3511,0.0,0.0,0.0,0.0,0.0,0.0
3520,0.0,0.0,0.0,0.0,0.0,0.0
3530,0.0,0.0,0.0,0.0,0.0,0.0
3540,0.0,0.0,0.0,0.0,0.0,0.0
3551,0.0,0.0,0.0,0.0,0.0,0.0
3561,0.0,0.0,0.0,0.0,0.0,0.0
3571,0.0,0.0,0.0,0.0,0.0,0.0
3580,0.0,0.0,0.0,0.0,0.0,0.0
3591,0.0,0.0,0.0,0.0,0.0,0.0
3601,0.0,0.0,0.0,0.0,0.0,0.0
3611,0.0,0.0,0.0,0.0,0.0,0.0
3621,0.0,0.0,0.0,0.0,0.0,0.0
3632,0.0,0.0,0.0,0.0,0.0,0.0
3641,0.0,0.0,0.0,0.0,0.0,0.0
3651,0.0,0.0,0.0,0.0,0.0,0.0
3661,0.0,0.0,0.0,0.0,0.0,0.0
3672,0.0,0.0,0.0,0.0,0.0,0.0
3682,0.0,0.0,0.0,0.0,0.0,0.0
3692,0.0,0.0,0.0,0.0,0.0,0.0
3702,0.0,0.0,0.0,0.0,0.0,0.0
3712,0.0,0.0,0.0,0.0,0.0,0.0
3722,0.0,0.0,0.0,0.0,0.0,0.0
3732,0.0,0.0,0.0,0.0,0.0,0.0
3742,0.0,0.0,0.0,0.0,0.0,0.0
3752,0.0,0.0,0.0,0.0,0.0,0.0
3763,0.0,0.0,0.0,0.0,0.0,0.0
3772,0.0,0.0,0.0,0.0,0.0,0.0
3782,0.0,0.0,0.0,0.0,0.0,0.0
3792,0.0,0.0,0.0,0.0,0.0,0.0
3803,0.0,0.0,0.0,0.0,0.0,0.0
3813,0.0,0.0,0.0,0.0,0.0,0.0
3823,0.0,0.0,0.0,0.0,0.0,0.0
3832,0.0,0.0,0.0,0.0,0.0,0.0
3843,0.0,0.0,0.0,0.0,0.0,0.0
3853,0.0,0.0,0.0,0.0,0.0,0.0
3863,0.0,0.0,0.0,0.0,0.0,0.0
3873,0.0,0.0,0.0,0.0,0.0,0.0
3884,0.0,0.0,0.0,0.0,0.0,0.0
3893,0.0,0.0,0.0,0.0,0.0,0.0
3903,0.0,0.0,0.0,0.0,0.0,0.0
3913,0.0,0.0,0.0,0.0,0.0,0.0
3923,0.0,0.0,0.0,0.0,0.0,0.0
3934,0.0,0.0,0.0,0.0,0.0,0.0
3944,0.0,0.0,0.0,0.0,0.0,0.0
3953,0.0,0.0,0.0,0.0,0.0,0.0
3963,0.0,0.0,0.0,0.0,0.0,0.0
3974,0.0,0.0,0.0,0.0,0.0,0.0
3984,0.0,0.0,0.0,0.0,0.0,0.0
3994,0.0,0.0,0.0,0.0,0.0,0.0
4004,0.0,0.0,0.0,0.0,0.0,0.0
4014,0.0,0.0,0.0,0.0,0.0,0.0
4024,0.0,0.0,0.0,0.0,0.0,0.0
4034,0.0,0.0,0.0,0.0,0.0,0.0
4044,0.0,0.0,0.0,0.0,0.0,0.0
4055,0.0,0.0,0.0,0.0,0.0,0.0
4065,0.0,0.0,0.0,0.0,0.0,0.0
4075,0.0,0.0,0.0,0.0,0.0,0.0
4084,0.0,0.0,0.0,0.0,0.0,0.0
4094,0.0,0.0,0.0,0.0,0.0,0.0
4105,0.0,0.0,0.0,0.0,0.0,0.0
4115,0.0,0.0,0.0,0.0,0.0,0.0
4125,0.0,0.0,0.0,0.0,0.0,0.0
4135,0.0,0.0,0.0,0.0,0.0,0.0
4145,0.0,0.0,0.0,0.0,0.0,0.0
4155,0.0,0.0,0.0,0.0,0.0,0.0
4165,0.0,0.0,0.0,0.0,0.0,0.0
4175,0.0,0.0,0.0,0.0,0.0,0.0
4186,0.0,0.0,0.0,0.0,0.0,0.0
4196,0.0,0.0,0.0,0.0,0.0,0.0
4205,0.0,0.0,0.0,0.0,0.0,0.0
4215,0.0,0.0,0.0,0.0,0.0,0.0
4226,0.0,0.0,0.0,0.0,0.0,0.0
4236,0.0,0.0,0.0,0.0,0.0,0.0
4246,0.0,0.0,0.0,0.0,0.0,0.0
4256,0.0,0.0,0.0,0.0,0.0,0.0
4265,0.0,0.0,0.0,0.0,0.0,0.0
4276,0.0,0.0,0.0,0.0,0.0,0.0
4286,0.0,0.0,0.0,0.0,0.0,0.0
4296,0.0,0.0,0.0,0.0,0.0,0.0
4306,0.0,0.0,0.0,0.0,0.0,0.0
4317,0.0,0.0,0.0,0.0,0.0,0.0
4326,0.0,0.0,0.0,0.0,0.0,0.0
4336,0.0,0.0,0.0,0.0,0.0,0.0
4346,0.0,0.0,0.0,0.0,0.0,0.0
4357,0.0,0.0,0.0,0.0,0.0,0.0
4367,0.0,0.0,0.0,0.0,0.0,0.0
4377,0.0,0.0,0.0,0.0,0.0,0.0
4386,0.0,0.0,0.0,0.0,0.0,0.0
4397,0.0,0.0,0.0,0.0,0.0,0.0
4407,0.0,0.0,0.0,0.0,0.0,0.0
4417,0.0,0.0,0.0,0.0,0.0,0.0
4427,0.0,0.0,0.0,0.0,0.0,0.0
4438,0.0,0.0,0.0,0.0,0.0,0.0
4448,0.0,0.0,0.0,0.0,0.0,0.0
4457,0.0,0.0,0.0,0.0,0.0,0.0
4467,0.0,0.0,0.0,0.0,0.0,0.0
4477,0.0,0.0,0.0,0.0,0.0,0.0
4488,0.0,0.0,0.0,0.0,0.0,0.0
4498,0.0,0.0,0.0,0.0,0.0,0.0
4508,0.0,0.0,0.0,0.0,0.0,0.0
4517,0.0,0.0,0.0,0.0,0.0,0.0
4528,0.0,0.0,0.0,0.0,0.0,0.0
4538,0.0,0.0,0.0,0.0,0.0,0.0
4548,0.0,0.0,0.0,0.0,0.0,0.0
4558,0.0,0.0,0.0,0.0,0.0,0.0
4569,0.0,0.0,0.0,0.0,0.0,0.0
4578,0.0,0.0,0.0,0.0,0.0,0.0
4588,0.0,0.0,0.0,0.0,0.0,0.0
4598,0.0,0.0,0.0,0.0,0.0,0.0
4609,0.0,0.0,0.0,0.0,0.0,0.0
4619,0.0,0.0,0.0,0.0,0.0,0.0
4629,0.0,0.0,0.0,0.0,0.0,0.0
4638,0.0,0.0,0.0,0.0,0.0,0.0
4648,0.0,0.0,0.0,0.0,0.0,0.0
4659,0.0,0.0,0.0,0.0,0.0,0.0
4669,0.0,0.0,0.0,0.0,0.0,0.0
4679,0.0,0.0,0.0,0.0,0.0,0.0
4689,0.0,0.0,0.0,0.0,0.0,0.0
4699,0.0,0.0,0.0,0.0,0.0,0.0
4709,0.0,0.0,0.0,0.0,0.0,0.0
4719,0.0,0.0,0.0,0.0,0.0,0.0
4729,0.0,0.0,0.0,0.0,0.0,0.0
4740,0.0,0.0,0.0,0.0,0.0,0.0
4750,0.0,0.0,0.0,0.0,0.0,0.0
4759,0.0,0.0,0.0,0.0,0.0,0.0
4769,0.0,0.0,0.0,0.0,0.0,0.0
4780,0.0,0.0,0.0,0.0,0.0,0.0
4790,0.0,0.0,0.0,0.0,0.0,0.0
4800,0.0,0.0,0.0,0.0,0.0,0.0
4810,0.0,0.0,0.0,0.0,0.0,0.0
4819,0.0,0.0,0.0,0.0,0.0,0.0
4830,0.0,0.0,0.0,0.0,0.0,0.0
4840,0.0,0.0,0.0,0.0,0.0,0.0
4850,0.0,0.0,0.0,0.0,0.0,0.0
4860,0.0,0.0,0.0,0.0,0.0,0.0
4871,0.0,0.0,0.0,0.0,0.0,0.0
4880,0.0,0.0,0.0,0.0,0.0,0.0
4890,0.0,0.0,0.0,0.0,0.0,0.0
4900,0.0,0.0,0.0,0.0,0.0,0.0
4911,0.0,0.0,0.0,0.0,0.0,0.0
4921,0.0,0.0,0.0,0.0,0.0,0.0
4931,0.0,0.0,0.0,0.0,0.0,0.0
4940,0.0,0.0,0.0,0.0,0.0,0.0
4952,0.0,0.0,0.0,0.0,51.0,-1.0
4962,0.0,0.0,0.0,0.0,52.0,-1.0
4972,0.0,0.0,0.0,0.0,53.0,-1.0
4981,0.0,0.0,0.0,0.0,54.0,-1.0
4992,0.0,0.0,0.0,0.0,54.0,-1.0
5002,0.0,0.0,0.0,0.0,55.0,-1.0
5012,0.0,0.0,0.0,0.0,56.0,-1.0
5022,0.0,0.0,0.0,0.0,57.0,-1.0
5031,0.0,1.0,0.0,30.0,58.0,-1.0
5042,0.0,1.0,0.0,30.0,59.0,-1.0
5052,0.0,10.0,0.0,60.0,59.0,-1.0
5062,1.0,10.0,30.0,60.0,57.0,6.0
5072,1.0,10.0,30.0,60.0,58.0,5.0
5082,1.0,10.0,30.0,60.0,59.0,3.0
5092,1.0,10.0,30.0,60.0,61.0,2.0
5102,1.0,10.0,30.0,60.0,62.0,2.0
5112,1.0,11.0,30.0,90.0,63.0,1.0
5122,1.0,11.0,30.0,90.0,64.0,0.0
5132,1.0,11.0,30.0,90.0,65.0,0.0
5142,1.0,11.0,30.0,90.0,66.0,0.0
5152,1.0,11.0,30.0,90.0,66.0,0.0
5163,1.0,11.0,30.0,90.0,67.0,0.0
5172,1.0,11.0,30.0,90.0,68.0,0.0
5182,1.0,11.0,30.0,90.0,69.0,0.0
5192,10.0,11.0,60.0,90.0,67.0,9.0
5202,10.0,11.0,60.0,90.0,68.0,7.0
5213,10.0,11.0,60.0,90.0,69.0,6.0
5222,10.0,11.0,60.0,90.0,70.0,4.0
5232,10.0,11.0,60.0,90.0,71.0,3.0
5242,10.0,11.0,60.0,90.0,73.0,2.0
5253,10.0,11.0,60.0,90.0,74.0,2.0
5262,10.0,11.0,60.0,90.0,74.0,1.0
5272,10.0,11.0,60.0,90.0,75.0,1.0
5282,10.0,11.0,60.0,90.0,76.0,0.0
5293,10.0,11.0,60.0,90.0,77.0,0.0
5302,10.0,11.0,60.0,90.0,78.0,0.0
5312,11.0,11.0,90.0,90.0,76.0,11.0
5322,11.0,11.0,90.0,90.0,77.0,9.0
5332,11.0,11.0,90.0,90.0,78.0,7.0
5343,11.0,11.0,90.0,90.0,79.0,6.0
5352,11.0,11.0,90.0,90.0,81.0,5.0
5362,11.0,11.0,90.0,90.0,82.0,4.0
5372,11.0,11.0,90.0,90.0,83.0,3.0
5383,11.0,11.0,90.0,90.0,84.0,2.0
5392,11.0,11.0,90.0,90.0,84.0,2.0
5402,11.0,11.0,90.0,90.0,85.0,1.0
5412,11.0,11.0,90.0,90.0,86.0,1.0
5423,11.0,11.0,90.0,90.0,87.0,1.0
5433,11.0,11.0,90.0,90.0,88.0,1.0
5442,11.0,11.0,90.0,90.0,89.0,0.0
5452,11.0,11.0,90.0,90.0,90.0,0.0
5463,11.0,11.0,90.0,90.0,91.0,0.0
5473,11.0,11.0,90.0,90.0,92.0,0.0
5482,11.0,11.0,90.0,90.0,92.0,0.0
5492,11.0,11.0,90.0,90.0,93.0,0.0
5502,11.0,11.0,90.0,90.0,94.0,0.0
5513,11.0,11.0,90.0,90.0,95.0,0.0
5522,11.0,11.0,90.0,90.0,96.0,0.0
5532,100.0,11.0,120.0,90.0,94.0,17.0
5542,100.0,11.0,120.0,90.0,95.0,16.0
5553,100.0,11.0,120.0,90.0,96.0,15.0
5563,100.0,11.0,120.0,90.0,97.0,14.0
5572,100.0,11.0,120.0,90.0,98.0,13.0
5582,100.0,11.0,120.0,90.0,99.0,12.0
5593,100.0,11.0,120.0,90.0,100.0,12.0
5603,100.0,11.0,120.0,90.0,101.0,12.0
5613,100.0,11.0,120.0,90.0,102.0,12.0
5622,100.0,11.0,120.0,90.0,103.0,12.0
5633,100.0,11.0,120.0,90.0,104.0,12.0
5643,100.0,11.0,120.0,90.0,105.0,12.0
5653,100.0,11.0,120.0,90.0,106.0,12.0
5662,100.0,11.0,120.0,90.0,106.0,12.0
5672,101.0,11.0,150.0,90.0,104.0,30.0
5683,101.0,11.0,150.0,90.0,105.0,29.0
5693,101.0,11.0,150.0,90.0,107.0,28.0
5702,101.0,11.0,150.0,90.0,108.0,27.0
5712,101.0,11.0,150.0,90.0,109.0,27.0
5723,101.0,11.0,150.0,90.0,110.0,27.0
5733,101.0,11.0,150.0,90.0,111.0,27.0
5743,101.0,11.0,150.0,90.0,112.0,27.0
5752,101.0,11.0,150.0,90.0,113.0,27.0
5763,101.0,11.0,150.0,90.0,114.0,27.0
5773,110.0,11.0,180.0,90.0,111.0,45.0
5783,110.0,11.0,180.0,90.0,113.0,44.0
5792,110.0,100.0,180.0,120.0,114.0,34.0
5803,110.0,100.0,180.0,120.0,115.0,34.0
5813,110.0,100.0,180.0,120.0,116.0,34.0
5823,110.0,100.0,180.0,120.0,117.0,34.0
5833,110.0,100.0,180.0,120.0,118.0,34.0
5842,110.0,100.0,180.0,120.0,119.0,34.0
5853,110.0,100.0,180.0,120.0,120.0,34.0
5863,110.0,100.0,180.0,120.0,121.0,35.0
5873,110.0,100.0,180.0,120.0,122.0,35.0
5882,110.0,100.0,180.0,120.0,123.0,36.0
5893,110.0,100.0,180.0,120.0,124.0,36.0
5903,110.0,100.0,180.0,120.0,125.0,37.0
5913,111.0,101.0,210.0,150.0,122.0,46.0
5922,111.0,101.0,210.0,150.0,124.0,45.0
5933,111.0,101.0,210.0,150.0,125.0,44.0
5943,111.0,101.0,210.0,150.0,126.0,44.0
5953,111.0,101.0,210.0,150.0,127.0,44.0
5963,111.0,101.0,210.0,150.0,128.0,44.0
5972,1000.0,101.0,210.0,150.0,129.0,44.0
5983,1000.0,101.0,240.0,150.0,127.0,62.0
5993,1000.0,101.0,240.0,150.0,128.0,61.0
6003,1000.0,101.0,240.0,150.0,129.0,60.0
6012,1000.0,101.0,240.0,150.0,131.0,59.0
6023,1000.0,101.0,240.0,150.0,132.0,59.0
6033,1000.0,101.0,240.0,150.0,133.0,59.0
6043,1000.0,101.0,240.0,150.0,134.0,59.0
6053,1000.0,101.0,240.0,150.0,135.0,60.0
6063,1000.0,101.0,240.0,150.0,136.0,60.0
6073,1000.0,110.0,240.0,180.0,137.0,55.0
6083,1000.0,110.0,240.0,180.0,138.0,52.0
6093,1000.0,110.0,240.0,180.0,138.0,53.0
6103,1000.0,110.0,240.0,180.0,139.0,54.0
6113,1001.0,110.0,270.0,180.0,137.0,72.0
6123,1001.0,110.0,270.0,180.0,138.0,71.0
6133,1001.0,110.0,270.0,180.0,140.0,71.0
6144,1001.0,110.0,270.0,180.0,141.0,71.0
6153,1001.0,110.0,270.0,180.0,142.0,71.0
6163,1001.0,111.0,270.0,210.0,143.0,62.0
6173,1010.0,111.0,300.0,210.0,141.0,80.0
6183,1010.0,111.0,300.0,210.0,142.0,79.0
6193,1010.0,111.0,300.0,210.0,143.0,78.0
6203,1010.0,111.0,300.0,210.0,144.0,78.0
6213,1010.0,111.0,300.0,210.0,146.0,78.0
6223,1010.0,111.0,300.0,210.0,147.0,78.0
6233,1010.0,111.0,300.0,210.0,148.0,78.0
6243,1010.0,111.0,300.0,210.0,149.0,78.0
6253,1010.0,111.0,300.0,210.0,150.0,79.0
6263,1010.0,111.0,300.0,210.0,151.0,80.0
6274,1010.0,111.0,300.0,210.0,151.0,80.0
6283,1010.0,1000.0,300.0,240.0,152.0,72.0
6293,1010.0,1000.0,300.0,240.0,153.0,73.0
6303,1011.0,1000.0,330.0,240.0,151.0,91.0
6313,1011.0,1000.0,330.0,240.0,152.0,90.0
6323,1011.0,1000.0,330.0,240.0,154.0,90.0
6333,1011.0,1001.0,330.0,270.0,155.0,81.0
6343,1011.0,1001.0,330.0,270.0,156.0,81.0
6353,1011.0,1001.0,330.0,270.0,157.0,81.0
6364,1011.0,1001.0,330.0,270.0,158.0,81.0
6373,1011.0,1001.0,330.0,270.0,159.0,82.0
6383,1011.0,1001.0,330.0,270.0,160.0,82.0
6393,1011.0,1001.0,330.0,270.0,161.0,83.0
6404,1100.0,1010.0,0.0,300.0,158.0,92.0
6413,1100.0,1010.0,0.0,300.0,160.0,91.0
6423,1100.0,1010.0,0.0,300.0,161.0,90.0
6433,1100.0,1010.0,0.0,300.0,162.0,89.0
6444,1100.0,1010.0,0.0,300.0,163.0,89.0
6453,1100.0,1010.0,0.0,300.0,164.0,89.0
6463,1100.0,1010.0,0.0,300.0,165.0,89.0
6473,1100.0,1010.0,0.0,300.0,166.0,90.0
6483,1100.0,1010.0,0.0,300.0,167.0,90.0
6494,1100.0,1010.0,0.0,300.0,168.0,90.0
6503,1100.0,1100.0,0.0,0.0,169.0,81.0
6513,1101.0,1100.0,30.0,0.0,167.0,90.0
6523,1101.0,1100.0,30.0,0.0,168.0,89.0
6534,1101.0,1100.0,30.0,0.0,169.0,89.0
6543,1101.0,1100.0,30.0,0.0,170.0,88.0
6553,1101.0,1100.0,30.0,0.0,171.0,88.0
6563,1101.0,1100.0,30.0,0.0,172.0,87.0
6574,1101.0,1100.0,30.0,0.0,173.0,87.0
6584,1101.0,1101.0,30.0,30.0,174.0,87.0
6593,1101.0,1101.0,30.0,30.0,175.0,78.0
6603,1101.0,1101.0,30.0,30.0,176.0,78.0
6614,1101.0,1101.0,30.0,30.0,177.0,78.0
6624,1101.0,1110.0,30.0,60.0,178.0,75.0
6633,1110.0,1110.0,60.0,60.0,179.0,75.0
6643,1110.0,1110.0,60.0,60.0,177.0,87.0
6653,1110.0,1110.0,60.0,60.0,178.0,86.0
6664,1110.0,1110.0,60.0,60.0,179.0,84.0
6673,1110.0,1110.0,60.0,60.0,180.0,83.0
6683,1110.0,1110.0,60.0,60.0,181.0,82.0
6693,1110.0,1111.0,60.0,90.0,182.0,79.0
6704,1110.0,1111.0,60.0,90.0,183.0,78.0
6714,1111.0,1111.0,90.0,90.0,181.0,90.0
6723,1111.0,1111.0,90.0,90.0,182.0,88.0
6733,1111.0,1111.0,90.0,90.0,184.0,86.0
6744,1111.0,1111.0,90.0,90.0,185.0,85.0
6754,1111.0,10000.0,90.0,120.0,186.0,80.0
6763,1111.0,10000.0,90.0,120.0,187.0,80.0
6773,1111.0,10000.0,90.0,120.0,188.0,79.0
6784,1111.0,10000.0,90.0,120.0,189.0,79.0
6794,1111.0,10001.0,90.0,150.0,190.0,79.0
6803,1111.0,10001.0,90.0,150.0,191.0,75.0
6813,1111.0,10001.0,90.0,150.0,192.0,76.0
6823,1111.0,10001.0,90.0,150.0,193.0,76.0
6834,1111.0,10001.0,90.0,150.0,194.0,76.0
6844,1111.0,10001.0,90.0,150.0,195.0,76.0
6853,1111.0,10001.0,90.0,150.0,195.0,76.0
6863,1111.0,10001.0,90.0,150.0,196.0,76.0
6874,10000.0,10001.0,120.0,150.0,194.0,88.0
6884,10000.0,10010.0,120.0,180.0,195.0,86.0
6893,10000.0,10010.0,120.0,180.0,196.0,81.0
6903,10000.0,10010.0,120.0,180.0,198.0,80.0
6914,10000.0,10010.0,120.0,180.0,199.0,80.0
6924,10000.0,10010.0,120.0,180.0,200.0,79.0
6934,10000.0,10011.0,120.0,210.0,201.0,78.0
6943,10000.0,10011.0,120.0,210.0,202.0,75.0
6953,10000.0,10011.0,120.0,210.0,203.0,75.0
6964,10000.0,10011.0,120.0,210.0,203.0,75.0
6974,10000.0,10011.0,120.0,210.0,204.0,75.0
6983,10001.0,10011.0,150.0,210.0,202.0,87.0
6993,10001.0,10011.0,150.0,210.0,203.0,85.0
7004,10001.0,10011.0,150.0,210.0,205.0,83.0
7014,10001.0,10011.0,150.0,210.0,206.0,82.0
7023,10001.0,10011.0,150.0,210.0,207.0,81.0
7033,10001.0,10100.0,150.0,240.0,207.0,77.0
7044,10001.0,10100.0,150.0,240.0,207.0,77.0
7054,10001.0,10100.0,150.0,240.0,207.0,76.0
7064,10010.0,10100.0,180.0,240.0,207.0,88.0
7073,10010.0,10101.0,180.0,270.0,207.0,83.0
7084,10010.0,10101.0,180.0,270.0,207.0,81.0
7094,10010.0,10101.0,180.0,270.0,207.0,80.0
7104,10010.0,10101.0,180.0,270.0,207.0,79.0
7113,10010.0,10101.0,180.0,270.0,207.0,79.0
7123,10010.0,10110.0,180.0,300.0,207.0,75.0
7134,10010.0,10110.0,180.0,300.0,207.0,75.0
7144,10010.0,10110.0,180.0,300.0,207.0,75.0
7154,10010.0,10110.0,180.0,300.0,207.0,75.0
7163,10010.0,10110.0,180.0,300.0,207.0,75.0
7174,10010.0,10110.0,180.0,300.0,207.0,75.0
7184,10010.0,10110.0,180.0,300.0,207.0,75.0
7194,10011.0,10110.0,210.0,300.0,207.0,86.0
7203,10011.0,10110.0,210.0,300.0,207.0,84.0
7214,10011.0,10111.0,210.0,330.0,207.0,79.0
7224,10011.0,11000.0,210.0,0.0,207.0,75.0
7234,10100.0,11000.0,240.0,0.0,207.0,86.0
7243,10100.0,11000.0,240.0,0.0,207.0,84.0
7254,10100.0,11000.0,240.0,0.0,207.0,82.0
7264,10100.0,11000.0,240.0,0.0,207.0,81.0
7274,10100.0,11000.0,240.0,0.0,207.0,80.0
7284,10100.0,11000.0,240.0,0.0,207.0,79.0
7293,10100.0,11001.0,240.0,30.0,207.0,75.0
7304,10100.0,11001.0,240.0,30.0,207.0,75.0
7314,10100.0,11001.0,240.0,30.0,207.0,74.0
7324,10100.0,11010.0,240.0,60.0,207.0,74.0
7333,10100.0,11010.0,240.0,60.0,207.0,71.0
7344,10100.0,11010.0,240.0,60.0,207.0,71.0
7354,10100.0,11010.0,240.0,60.0,207.0,71.0
7364,10100.0,11010.0,240.0,60.0,207.0,72.0
7373,10101.0,11010.0,270.0,60.0,207.0,83.0
7384,10101.0,11010.0,270.0,60.0,207.0,81.0
7394,10101.0,11011.0,270.0,90.0,207.0,77.0
7404,10101.0,11011.0,270.0,90.0,207.0,76.0
7414,10101.0,11011.0,270.0,90.0,207.0,75.0
7424,10101.0,11011.0,270.0,90.0,207.0,75.0
7434,10110.0,11011.0,300.0,90.0,207.0,86.0
7444,10110.0,11011.0,300.0,90.0,207.0,84.0
7454,10110.0,11100.0,300.0,120.0,207.0,79.0
7463,10110.0,11100.0,300.0,120.0,207.0,77.0
7474,10110.0,11100.0,300.0,120.0,207.0,77.0
7484,10110.0,11100.0,300.0,120.0,207.0,76.0
7494,10110.0,11101.0,300.0,150.0,207.0,75.0
7504,10110.0,11101.0,300.0,150.0,207.0,72.0
7514,10110.0,11101.0,300.0,150.0,207.0,72.0
7524,10110.0,11101.0,300.0,150.0,207.0,71.0
7534,10110.0,11101.0,300.0,150.0,207.0,71.0
7544,10110.0,11101.0,300.0,150.0,207.0,71.0
7554,10111.0,11101.0,330.0,150.0,207.0,83.0
7564,10111.0,11101.0,330.0,150.0,207.0,81.0
7574,10111.0,11101.0,330.0,150.0,207.0,79.0
7584,10111.0,11110.0,330.0,180.0,207.0,75.0
7595,10111.0,11110.0,330.0,180.0,207.0,74.0
7604,10111.0,11110.0,330.0,180.0,207.0,74.0
7614,10111.0,11110.0,330.0,180.0,207.0,73.0
7624,10111.0,11110.0,330.0,180.0,207.0,73.0
7634,11000.0,11111.0,0.0,210.0,207.0,73.0
7644,11000.0,11111.0,0.0,210.0,207.0,81.0
7654,11000.0,11111.0,0.0,210.0,207.0,79.0
7664,11000.0,11111.0,0.0,210.0,207.0,78.0
7674,11000.0,11111.0,0.0,210.0,207.0,77.0
7684,11000.0,11111.0,0.0,210.0,207.0,76.0
7694,11000.0,11111.0,0.0,210.0,207.0,75.0
7704,11000.0,11111.0,0.0,210.0,207.0,74.0
7714,11000.0,11111.0,0.0,210.0,207.0,74.0
7725,11000.0,11111.0,0.0,210.0,207.0,73.0
7734,11000.0,100000.0,0.0,240.0,207.0,70.0
7744,11001.0,100000.0,30.0,240.0,207.0,81.0
7754,11001.0,100000.0,30.0,240.0,207.0,80.0
7764,11001.0,100000.0,30.0,240.0,207.0,78.0
7774,11001.0,100001.0,30.0,270.0,207.0,74.0
7784,11001.0,100001.0,30.0,270.0,207.0,73.0
7794,11001.0,100001.0,30.0,270.0,207.0,73.0
7804,11001.0,100001.0,30.0,270.0,207.0,72.0
7814,11001.0,100001.0,30.0,270.0,207.0,72.0
7824,11001.0,100010.0,30.0,300.0,207.0,68.0
7834,11001.0,100010.0,30.0,300.0,207.0,69.0
7844,11001.0,100010.0,30.0,300.0,207.0,69.0
7855,11001.0,100010.0,30.0,300.0,207.0,69.0
7864,11001.0,100010.0,30.0,300.0,207.0,69.0
7874,11010.0,100010.0,60.0,300.0,207.0,69.0
7884,11010.0,100010.0,60.0,300.0,207.0,81.0
7895,11010.0,100010.0,60.0,300.0,207.0,79.0
7904,11010.0,100010.0,60.0,300.0,207.0,77.0
7914,11010.0,100011.0,60.0,330.0,207.0,73.0
7924,11010.0,100100.0,60.0,0.0,207.0,69.0
7934,11010.0,100100.0,60.0,0.0,207.0,69.0
7945,11010.0,100100.0,60.0,0.0,207.0,69.0
7954,11011.0,100100.0,90.0,0.0,207.0,80.0
7964,11011.0,100100.0,90.0,0.0,207.0,78.0
7974,11011.0,100100.0,90.0,0.0,207.0,77.0
7985,11011.0,100100.0,90.0,0.0,207.0,75.0
7994,11011.0,100101.0,90.0,0.0,207.0,74.0
8004,11011.0,100101.0,90.0,30.0,207.0,70.0
8014,11011.0,100101.0,90.0,30.0,207.0,70.0
8025,11011.0,100101.0,90.0,30.0,207.0,70.0
8035,11011.0,100110.0,90.0,60.0,207.0,66.0
8044,11011.0,100110.0,90.0,60.0,207.0,66.0
8054,11011.0,100110.0,90.0,60.0,207.0,67.0
8065,11011.0,100110.0,90.0,60.0,207.0,67.0
8075,11011.0,100110.0,90.0,60.0,207.0,67.0
8084,11011.0,100110.0,90.0,60.0,207.0,67.0
8094,11011.0,100110.0,90.0,60.0,207.0,67.0
8104,11100.0,100111.0,120.0,90.0,207.0,75.0
8115,11100.0,100111.0,120.0,90.0,207.0,74.0
8124,11100.0,100111.0,120.0,90.0,207.0,73.0
8134,11100.0,100111.0,120.0,90.0,207.0,72.0
8144,11100.0,100111.0,120.0,90.0,207.0,71.0
8155,11100.0,101000.0,120.0,120.0,207.0,67.0
8165,11100.0,101000.0,120.0,120.0,207.0,67.0
8174,11100.0,101000.0,120.0,120.0,207.0,67.0
8184,11100.0,101000.0,120.0,120.0,207.0,67.0
8195,11100.0,101000.0,120.0,120.0,207.0,67.0
8205,11100.0,101001.0,120.0,150.0,207.0,64.0
8214,11101.0,101001.0,150.0,150.0,207.0,75.0
8224,11101.0,101001.0,150.0,150.0,207.0,74.0
8235,11101.0,101001.0,150.0,150.0,207.0,72.0
8245,11101.0,101001.0,150.0,150.0,207.0,71.0
8254,11101.0,101001.0,150.0,150.0,207.0,70.0
8264,11101.0,101001.0,150.0,150.0,207.0,70.0
8274,11101.0,101001.0,150.0,150.0,207.0,69.0
8285,11110.0,101001.0,180.0,150.0,207.0,80.0
8295,11110.0,101010.0,180.0,180.0,207.0,75.0
8304,11110.0,101010.0,180.0,180.0,207.0,73.0
8314,11110.0,101010.0,180.0,180.0,207.0,72.0
8325,11110.0,101010.0,180.0,180.0,207.0,71.0
8335,11110.0,101010.0,180.0,180.0,207.0,70.0
8344,11110.0,101011.0,180.0,210.0,207.0,66.0
8354,11110.0,101011.0,180.0,210.0,207.0,66.0
8365,11110.0,101011.0,180.0,210.0,207.0,66.0
8375,11110.0,101011.0,180.0,210.0,207.0,66.0
8385,11110.0,101011.0,180.0,210.0,207.0,66.0
8394,11110.0,101011.0,180.0,210.0,207.0,66.0
8404,11110.0,101011.0,180.0,210.0,207.0,66.0
8415,11110.0,101011.0,180.0,210.0,207.0,66.0
8425,11111.0,101011.0,210.0,210.0,207.0,77.0
8434,11111.0,101011.0,210.0,210.0,207.0,75.0
8444,11111.0,101100.0,210.0,240.0,207.0,70.0
8455,11111.0,101100.0,210.0,240.0,207.0,69.0
8465,11111.0,101100.0,210.0,240.0,207.0,69.0
8474,100000.0,101100.0,240.0,240.0,207.0,80.0
8484,100000.0,101101.0,240.0,270.0,207.0,74.0
8495,100000.0,101101.0,240.0,270.0,207.0,73.0
8505,100000.0,101101.0,240.0,270.0,207.0,71.0
8515,100000.0,101101.0,240.0,270.0,207.0,70.0
8524,100000.0,101101.0,240.0,270.0,207.0,69.0
8535,100000.0,101101.0,240.0,270.0,207.0,69.0
8545,100000.0,101110.0,240.0,300.0,207.0,65.0
8555,100000.0,101110.0,240.0,300.0,207.0,65.0
8564,100000.0,101110.0,240.0,300.0,207.0,65.0
8574,100000.0,101110.0,240.0,300.0,207.0,65.0
8585,100000.0,101110.0,240.0,300.0,207.0,65.0
8595,100000.0,101110.0,240.0,300.0,207.0,65.0
8605,100001.0,101110.0,270.0,300.0,207.0,76.0
8614,100001.0,101110.0,270.0,300.0,207.0,74.0
8625,100001.0,101111.0,270.0,330.0,207.0,69.0
8635,100001.0,110000.0,270.0,0.0,207.0,65.0
8645,100001.0,110000.0,270.0,0.0,207.0,65.0
8654,100001.0,110000.0,270.0,0.0,207.0,65.0
8665,100010.0,110000.0,300.0,0.0,207.0,76.0
8675,100010.0,110000.0,300.0,0.0,207.0,74.0
8685,100010.0,110000.0,300.0,0.0,207.0,72.0
8694,100010.0,110000.0,300.0,0.0,207.0,71.0
8705,100010.0,110000.0,300.0,0.0,207.0,70.0
8715,100010.0,110001.0,300.0,30.0,207.0,65.0
8725,100010.0,110001.0,300.0,30.0,207.0,65.0
8735,100010.0,110001.0,300.0,30.0,207.0,65.0
8744,100010.0,110010.0,300.0,60.0,207.0,61.0
8755,100010.0,110010.0,300.0,60.0,207.0,62.0
8765,100010.0,110010.0,300.0,60.0,207.0,62.0
8775,100010.0,110010.0,300.0,60.0,207.0,62.0
8784,100010.0,110010.0,300.0,60.0,207.0,62.0
8795,100011.0,110010.0,330.0,60.0,207.0,74.0
8805,100011.0,110010.0,330.0,60.0,207.0,72.0
8815,100011.0,110011.0,330.0,90.0,207.0,67.0
8825,100011.0,110011.0,330.0,90.0,207.0,66.0
8835,100011.0,110011.0,330.0,90.0,207.0,66.0
8845,100011.0,110011.0,330.0,90.0,207.0,65.0
8855,100011.0,110011.0,330.0,90.0,207.0,64.0
8865,100011.0,110011.0,330.0,90.0,207.0,64.0
8875,100011.0,110100.0,330.0,120.0,207.0,61.0
8885,100100.0,110100.0,0.0,120.0,207.0,72.0
8895,100100.0,110100.0,0.0,120.0,207.0,70.0
8905,100100.0,110100.0,0.0,120.0,207.0,69.0
8914,100100.0,110100.0,0.0,120.0,207.0,68.0
8925,100100.0,110101.0,0.0,150.0,207.0,64.0
8935,100100.0,110101.0,0.0,150.0,207.0,63.0
8945,100100.0,110101.0,0.0,150.0,207.0,63.0
8955,100100.0,110101.0,0.0,150.0,207.0,63.0
8965,100100.0,110101.0,0.0,150.0,207.0,62.0
8975,100100.0,110101.0,0.0,150.0,207.0,62.0
8985,100100.0,110101.0,0.0,150.0,207.0,62.0
8995,100101.0,110101.0,30.0,150.0,207.0,73.0
9005,100101.0,110101.0,30.0,150.0,207.0,71.0
9015,100101.0,110110.0,30.0,180.0,207.0,67.0
9025,100101.0,110110.0,30.0,180.0,207.0,66.0
9035,100101.0,110110.0,30.0,180.0,207.0,65.0
9046,100101.0,110110.0,30.0,180.0,207.0,64.0
9055,100101.0,110110.0,30.0,180.0,207.0,64.0
9065,100101.0,110111.0,30.0,210.0,207.0,63.0
9075,100101.0,110111.0,30.0,210.0,207.0,60.0
9085,100101.0,110111.0,30.0,210.0,207.0,60.0
9095,100101.0,110111.0,30.0,210.0,207.0,60.0
9105,100101.0,110111.0,30.0,210.0,207.0,60.0
9115,100101.0,110111.0,30.0,210.0,207.0,60.0
9125,100101.0,110111.0,30.0,210.0,207.0,60.0
9136,100110.0,110111.0,60.0,210.0,207.0,60.0
9145,100110.0,110111.0,60.0,210.0,207.0,72.0
9155,100110.0,110111.0,60.0,210.0,207.0,70.0
9165,100110.0,110111.0,60.0,210.0,207.0,68.0
9176,100110.0,111000.0,60.0,240.0,207.0,64.0
9185,100110.0,111000.0,60.0,240.0,207.0,63.0
9195,100110.0,111000.0,60.0,240.0,207.0,63.0
9205,100110.0,111000.0,60.0,240.0,207.0,62.0
9216,100111.0,111001.0,90.0,270.0,207.0,70.0
9225,100111.0,111001.0,90.0,270.0,207.0,69.0
9235,100111.0,111001.0,90.0,270.0,207.0,67.0
9245,100111.0,111001.0,90.0,270.0,207.0,66.0
9255,100111.0,111001.0,90.0,270.0,207.0,65.0
9266,100111.0,111001.0,90.0,270.0,207.0,64.0
9275,100111.0,111010.0,90.0,300.0,207.0,60.0
9285,100111.0,111010.0,90.0,300.0,207.0,60.0
9295,100111.0,111010.0,90.0,300.0,207.0,60.0
9306,100111.0,111010.0,90.0,300.0,207.0,60.0
9315,100111.0,111010.0,90.0,300.0,207.0,60.0
9325,100111.0,111010.0,90.0,300.0,207.0,60.0
9335,100111.0,111010.0,90.0,300.0,207.0,60.0
9346,100111.0,111010.0,90.0,300.0,207.0,60.0
9355,100111.0,111010.0,90.0,300.0,207.0,60.0
9365,101000.0,111011.0,120.0,330.0,207.0,68.0
9375,101000.0,111100.0,120.0,0.0,207.0,63.0
9385,101000.0,111100.0,120.0,0.0,207.0,62.0
9396,101000.0,111100.0,120.0,0.0,207.0,62.0
9405,101000.0,111100.0,120.0,0.0,207.0,61.0
9415,101000.0,111100.0,120.0,0.0,207.0,61.0
9425,101000.0,111100.0,120.0,0.0,207.0,60.0
9436,101000.0,111100.0,120.0,0.0,207.0,60.0
9445,101000.0,111100.0,120.0,0.0,207.0,60.0
9455,101000.0,111101.0,120.0,0.0,207.0,59.0
9465,101000.0,111101.0,120.0,30.0,207.0,56.0
9476,101001.0,111101.0,150.0,30.0,207.0,68.0
9486,101001.0,111101.0,150.0,30.0,207.0,66.0
9495,101001.0,111110.0,150.0,60.0,207.0,62.0
9505,101001.0,111110.0,150.0,60.0,207.0,61.0
9516,101001.0,111110.0,150.0,60.0,207.0,60.0
9526,101001.0,111110.0,150.0,60.0,207.0,60.0
9535,101001.0,111110.0,150.0,60.0,207.0,59.0
9545,101001.0,111110.0,150.0,60.0,207.0,59.0
9555,101010.0,111110.0,180.0,60.0,207.0,70.0
9566,101010.0,111110.0,180.0,60.0,207.0,68.0
9575,101010.0,111111.0,180.0,90.0,207.0,63.0
9585,101010.0,111111.0,180.0,90.0,207.0,62.0
9595,101010.0,111111.0,180.0,90.0,207.0,61.0
9606,101010.0,111111.0,180.0,90.0,207.0,61.0
9616,101010.0,111111.0,180.0,90.0,207.0,60.0
9625,101010.0,1000000.0,180.0,120.0,207.0,59.0
9635,101010.0,1000000.0,180.0,120.0,207.0,56.0
9646,101010.0,1000000.0,180.0,120.0,207.0,56.0
9656,101010.0,1000000.0,180.0,120.0,207.0,56.0
9665,101010.0,1000000.0,180.0,120.0,207.0,56.0
9675,101010.0,1000001.0,180.0,150.0,207.0,56.0
9686,101010.0,1000001.0,180.0,150.0,207.0,53.0
9696,101011.0,1000001.0,210.0,150.0,207.0,65.0
9706,101011.0,1000001.0,210.0,150.0,207.0,63.0
9715,101011.0,1000001.0,210.0,150.0,207.0,62.0
9725,101011.0,1000001.0,210.0,150.0,207.0,61.0
9736,101011.0,1000001.0,210.0,150.0,207.0,60.0
9746,101011.0,1000001.0,210.0,150.0,207.0,60.0
9755,101100.0,1000001.0,240.0,150.0,207.0,70.0
9765,101100.0,1000001.0,240.0,150.0,207.0,68.0
9776,101100.0,1000010.0,240.0,180.0,207.0,66.0
9786,101100.0,1000010.0,240.0,180.0,207.0,61.0
9795,101100.0,1000010.0,240.0,180.0,207.0,61.0
9805,101100.0,1000010.0,240.0,180.0,207.0,60.0
9816,101100.0,1000010.0,240.0,180.0,207.0,59.0
9826,101100.0,1000010.0,240.0,180.0,207.0,59.0
9836,101100.0,1000011.0,240.0,210.0,207.0,55.0
9845,101100.0,1000011.0,240.0,210.0,207.0,55.0
9856,101100.0,1000011.0,240.0,210.0,207.0,55.0
9866,101100.0,1000011.0,240.0,210.0,207.0,55.0
9876,101100.0,1000011.0,240.0,210.0,207.0,55.0
9885,101101.0,1000011.0,270.0,210.0,207.0,67.0
9895,101101.0,1000011.0,270.0,210.0,207.0,65.0
9906,101101.0,1000011.0,270.0,210.0,207.0,63.0
9916,101101.0,1000011.0,270.0,210.0,207.0,62.0
9926,101101.0,1000011.0,270.0,210.0,207.0,61.0
9935,101101.0,1000011.0,270.0,210.0,207.0,60.0
9946,101110.0,1000100.0,300.0,240.0,207.0,68.0
9956,101110.0,1000100.0,300.0,240.0,207.0,66.0
9966,101110.0,1000100.0,300.0,240.0,207.0,64.0
9975,101110.0,1000100.0,300.0,240.0,207.0,63.0
9986,101110.0,1000101.0,300.0,270.0,207.0,58.0
9996,101110.0,1000101.0,300.0,270.0,207.0,58.0
10006,101110.0,1000101.0,300.0,270.0,207.0,57.0
10015,101110.0,1000101.0,300.0,270.0,207.0,57.0
10025,101110.0,1000101.0,300.0,270.0,207.0,57.0
10036,101110.0,1000101.0,300.0,270.0,207.0,56.0
10046,101110.0,1000110.0,300.0,300.0,207.0,53.0
10056,101110.0,1000110.0,300.0,300.0,207.0,53.0
10065,101111.0,1000110.0,330.0,300.0,207.0,65.0
10076,101111.0,1000110.0,330.0,300.0,207.0,63.0
10086,101111.0,1000110.0,330.0,300.0,207.0,62.0
10096,101111.0,1000110.0,330.0,300.0,207.0,61.0
10105,101111.0,1000110.0,330.0,300.0,207.0,60.0
10116,101111.0,1000110.0,330.0,300.0,207.0,59.0
10126,101111.0,1000110.0,330.0,300.0,207.0,58.0
10136,101111.0,1000111.0,330.0,300.0,207.0,58.0
10146,101111.0,1001000.0,330.0,0.0,207.0,54.0
10156,101111.0,1001000.0,330.0,0.0,207.0,51.0
10166,110000.0,1001000.0,0.0,0.0,207.0,63.0
10176,110000.0,1001000.0,0.0,0.0,207.0,61.0
10186,110000.0,1001000.0,0.0,0.0,207.0,60.0
10195,110000.0,1001000.0,0.0,0.0,207.0,59.0
10206,110000.0,1001000.0,0.0,0.0,207.0,58.0
10216,110000.0,1001000.0,0.0,0.0,207.0,58.0
10226,110000.0,1001000.0,0.0,0.0,207.0,57.0
10235,110000.0,1001001.0,0.0,30.0,207.0,53.0
10246,110000.0,1001001.0,0.0,30.0,207.0,53.0
10256,110000.0,1001001.0,0.0,30.0,207.0,53.0
10266,110000.0,1001001.0,0.0,30.0,207.0,53.0
10276,110001.0,1001010.0,30.0,60.0,207.0,50.0
10286,110001.0,1001010.0,30.0,60.0,207.0,62.0
10296,110001.0,1001010.0,30.0,60.0,207.0,61.0
10306,110001.0,1001010.0,30.0,60.0,207.0,59.0
10316,110001.0,1001010.0,30.0,60.0,207.0,58.0
10326,110001.0,1001010.0,30.0,60.0,207.0,57.0
10336,110001.0,1001010.0,30.0,60.0,207.0,57.0
10346,110001.0,1001011.0,30.0,90.0,207.0,56.0
10356,110001.0,1001011.0,30.0,90.0,207.0,52.0
10366,110001.0,1001011.0,30.0,90.0,207.0,52.0
10376,110001.0,1001011.0,30.0,90.0,207.0,52.0
10386,110001.0,1001011.0,30.0,90.0,207.0,52.0
10396,110001.0,1001011.0,30.0,90.0,207.0,52.0
10406,110001.0,1001100.0,30.0,90.0,207.0,52.0
10416,110001.0,1001100.0,30.0,120.0,207.0,49.0
10426,110010.0,1001100.0,60.0,120.0,207.0,61.0
10436,110010.0,1001100.0,60.0,120.0,207.0,60.0
10446,110010.0,1001100.0,60.0,120.0,207.0,58.0
10456,110010.0,1001100.0,60.0,120.0,207.0,57.0
10466,110010.0,1001101.0,60.0,150.0,207.0,53.0
10476,110010.0,1001101.0,60.0,150.0,207.0,53.0
10486,110010.0,1001101.0,60.0,150.0,207.0,53.0
10497,110011.0,1001101.0,90.0,150.0,207.0,64.0
10506,110011.0,1001101.0,90.0,150.0,207.0,62.0
10516,110011.0,1001101.0,90.0,150.0,207.0,60.0
10526,110011.0,1001101.0,90.0,150.0,207.0,59.0
10536,110011.0,1001101.0,90.0,150.0,207.0,58.0
10546,110011.0,1001101.0,90.0,150.0,207.0,57.0
10556,110011.0,1001101.0,90.0,150.0,207.0,56.0
10566,110011.0,1001110.0,90.0,180.0,207.0,52.0
10576,110011.0,1001110.0,90.0,180.0,207.0,52.0
10587,110011.0,1001110.0,90.0,180.0,207.0,52.0
10596,110011.0,1001110.0,90.0,180.0,207.0,52.0
10606,110011.0,1001110.0,90.0,180.0,207.0,52.0
10616,110011.0,1001110.0,90.0,180.0,207.0,52.0
10627,110011.0,1001111.0,90.0,210.0,207.0,48.0
10636,110011.0,1001111.0,90.0,210.0,207.0,49.0
10646,110011.0,1001111.0,90.0,210.0,207.0,49.0
10656,110100.0,1001111.0,120.0,210.0,207.0,61.0
10667,110100.0,1001111.0,120.0,210.0,207.0,59.0
10677,110100.0,1001111.0,120.0,210.0,207.0,58.0
10686,110100.0,1001111.0,120.0,210.0,207.0,57.0
10696,110100.0,1001111.0,120.0,210.0,207.0,56.0
10706,110100.0,1001111.0,120.0,210.0,207.0,55.0
10717,110100.0,1001111.0,120.0,210.0,207.0,54.0
10726,110100.0,1001111.0,120.0,210.0,207.0,54.0
10736,110100.0,1010000.0,120.0,240.0,207.0,50.0
10746,110100.0,1010000.0,120.0,240.0,207.0,50.0
10757,110100.0,1010000.0,120.0,240.0,207.0,50.0
10766,110101.0,1010000.0,150.0,240.0,207.0,62.0
10776,110101.0,1010000.0,150.0,240.0,207.0,60.0
10786,110101.0,1010001.0,150.0,270.0,207.0,55.0
10797,110101.0,1010001.0,150.0,270.0,207.0,54.0
10807,110101.0,1010001.0,150.0,270.0,207.0,54.0
10816,110101.0,1010001.0,150.0,270.0,207.0,53.0
10826,110101.0,1010001.0,150.0,270.0,207.0,53.0
10836,110101.0,1010001.0,150.0,270.0,207.0,52.0
10847,110110.0,1010001.0,180.0,270.0,207.0,52.0
10856,110110.0,1010010.0,180.0,300.0,207.0,60.0
10866,110110.0,1010010.0,180.0,300.0,207.0,58.0
10876,110110.0,1010010.0,180.0,300.0,207.0,57.0
10887,110110.0,1010010.0,180.0,300.0,207.0,56.0
10897,110110.0,1010010.0,180.0,300.0,207.0,55.0
10906,110110.0,1010010.0,180.0,300.0,207.0,54.0
10916,110110.0,1010010.0,180.0,300.0,207.0,53.0
10927,110110.0,1010010.0,180.0,300.0,207.0,53.0
10937,110110.0,1010010.0,180.0,300.0,207.0,52.0
10946,110110.0,1010010.0,180.0,300.0,207.0,52.0
10956,110110.0,1010011.0,180.0,330.0,207.0,49.0
10967,110110.0,1010100.0,180.0,0.0,207.0,46.0
10977,110110.0,1010100.0,180.0,0.0,207.0,46.0
10986,110111.0,1010100.0,210.0,0.0,207.0,46.0
10996,110111.0,1010100.0,210.0,0.0,207.0,58.0
11006,110111.0,1010100.0,210.0,0.0,207.0,57.0
11017,110111.0,1010100.0,210.0,0.0,207.0,55.0
11027,110111.0,1010100.0,210.0,0.0,207.0,54.0
11036,110111.0,1010100.0,210.0,0.0,207.0,53.0
11046,111000.0,1010100.0,240.0,0.0,207.0,64.0
11057,111000.0,1010101.0,240.0,0.0,207.0,62.0
11067,111000.0,1010101.0,240.0,30.0,207.0,56.0
11076,111000.0,1010101.0,240.0,30.0,207.0,55.0
11086,111000.0,1010101.0,240.0,30.0,207.0,54.0
11097,111000.0,1010101.0,240.0,30.0,207.0,53.0
11107,111000.0,1010110.0,240.0,60.0,207.0,49.0
11117,111000.0,1010110.0,240.0,60.0,207.0,49.0
11126,111000.0,1010110.0,240.0,60.0,207.0,49.0
11137,111000.0,1010110.0,240.0,60.0,207.0,49.0
11147,111000.0,1010110.0,240.0,60.0,207.0,49.0
11157,111000.0,1010110.0,240.0,60.0,207.0,49.0
11166,111000.0,1010110.0,240.0,60.0,207.0,49.0
11176,111000.0,1010110.0,240.0,60.0,207.0,49.0
11187,111001.0,1010111.0,270.0,90.0,207.0,57.0
11197,111001.0,1010111.0,270.0,90.0,207.0,55.0
11206,111001.0,1010111.0,270.0,90.0,207.0,54.0
11216,111001.0,1010111.0,270.0,90.0,207.0,53.0
11227,111001.0,1010111.0,270.0,90.0,207.0,52.0
11237,111001.0,1010111.0,270.0,90.0,207.0,52.0
11247,111010.0,1011000.0,300.0,120.0,207.0,48.0
11256,111010.0,1011000.0,300.0,120.0,207.0,59.0
11267,111010.0,1011000.0,300.0,120.0,207.0,57.0
11277,111010.0,1011000.0,300.0,120.0,207.0,56.0
11287,111010.0,1011000.0,300.0,120.0,207.0,54.0
11296,111010.0,1011001.0,300.0,150.0,207.0,50.0
11307,111010.0,1011001.0,300.0,150.0,207.0,50.0
11317,111010.0,1011001.0,300.0,150.0,207.0,49.0
11327,111010.0,1011001.0,300.0,150.0,207.0,49.0
11337,111010.0,1011001.0,300.0,150.0,207.0,49.0
11346,111010.0,1011001.0,300.0,150.0,207.0,48.0
11357,111010.0,1011001.0,300.0,150.0,207.0,48.0
11367,111010.0,1011001.0,300.0,150.0,207.0,48.0
11377,111011.0,1011001.0,330.0,150.0,207.0,59.0
11386,111011.0,1011001.0,330.0,150.0,207.0,57.0
11397,111011.0,1011001.0,330.0,150.0,207.0,56.0
11407,111011.0,1011010.0,330.0,180.0,207.0,51.0
11417,111011.0,1011010.0,330.0,180.0,207.0,51.0
11427,111011.0,1011010.0,330.0,180.0,207.0,50.0
11437,111011.0,1011010.0,330.0,180.0,207.0,50.0
11447,111011.0,1011010.0,330.0,180.0,207.0,49.0
11457,111011.0,1011010.0,330.0,180.0,207.0,49.0
11467,111011.0,1011011.0,330.0,180.0,207.0,49.0
11476,111100.0,1011011.0,0.0,210.0,207.0,57.0
11487,111100.0,1011011.0,0.0,210.0,207.0,55.0
11497,111100.0,1011011.0,0.0,210.0,207.0,54.0
11507,111100.0,1011011.0,0.0,210.0,207.0,52.0
11516,111100.0,1011011.0,0.0,210.0,207.0,52.0
11527,111100.0,1011011.0,0.0,210.0,207.0,51.0
11537,111100.0,1011011.0,0.0,210.0,207.0,50.0
11547,111100.0,1011011.0,0.0,210.0,207.0,50.0
11557,111100.0,1011011.0,0.0,210.0,207.0,49.0
11567,111100.0,1011011.0,0.0,210.0,207.0,49.0
11577,111100.0,1011011.0,0.0,210.0,207.0,49.0
11587,111101.0,1011011.0,30.0,210.0,207.0,60.0
11597,111101.0,1011100.0,30.0,240.0,207.0,55.0
11607,111101.0,1011100.0,30.0,240.0,207.0,53.0
11617,111101.0,1011100.0,30.0,240.0,207.0,52.0
11627,111101.0,1011100.0,30.0,240.0,207.0,51.0
11637,111101.0,1011100.0,30.0,240.0,207.0,51.0
11648,111101.0,1011101.0,30.0,270.0,207.0,47.0
11657,111101.0,1011101.0,30.0,270.0,207.0,47.0
11667,111101.0,1011101.0,30.0,270.0,207.0,47.0
11677,111101.0,1011101.0,30.0,270.0,207.0,47.0
11687,111101.0,1011101.0,30.0,270.0,207.0,47.0
11697,111101.0,1011101.0,30.0,270.0,207.0,47.0
11707,111101.0,1011101.0,30.0,270.0,207.0,47.0
11717,111101.0,1011110.0,30.0,300.0,207.0,43.0
11727,111101.0,1011110.0,30.0,300.0,207.0,44.0
11738,111110.0,1011110.0,60.0,300.0,207.0,56.0
11747,111110.0,1011110.0,60.0,300.0,207.0,54.0
11757,111110.0,1011110.0,60.0,300.0,207.0,53.0
11767,111110.0,1011110.0,60.0,300.0,207.0,51.0
11778,111110.0,1011110.0,60.0,300.0,207.0,50.0
11787,111110.0,1011110.0,60.0,300.0,207.0,50.0
11797,111110.0,1011110.0,60.0,300.0,207.0,49.0
11807,111110.0,1011110.0,60.0,300.0,207.0,49.0
11817,111111.0,1011110.0,90.0,300.0,207.0,60.0
11827,111111.0,1011111.0,90.0,330.0,207.0,54.0
11837,111111.0,1100000.0,90.0,0.0,207.0,53.0
11847,111111.0,1100000.0,90.0,0.0,207.0,49.0
11857,111111.0,1100000.0,90.0,0.0,207.0,48.0
11868,111111.0,1100000.0,90.0,0.0,207.0,48.0
11877,111111.0,1100000.0,90.0,0.0,207.0,47.0
11887,111111.0,1100000.0,90.0,0.0,207.0,47.0
11897,111111.0,1100000.0,90.0,0.0,207.0,47.0
11908,111111.0,1100000.0,90.0,0.0,207.0,46.0
11917,111111.0,1100000.0,90.0,0.0,207.0,46.0
11927,111111.0,1100000.0,90.0,0.0,207.0,46.0
11937,111111.0,1100001.0,90.0,30.0,207.0,43.0
11948,111111.0,1100001.0,90.0,30.0,207.0,43.0
11958,111111.0,1100001.0,90.0,30.0,207.0,43.0
11967,1000000.0,1100001.0,120.0,30.0,207.0,55.0
11977,1000000.0,1100001.0,120.0,30.0,207.0,53.0
11987,1000000.0,1100001.0,120.0,30.0,207.0,52.0
11998,1000000.0,1100010.0,120.0,60.0,207.0,48.0
12007,1000000.0,1100010.0,120.0,60.0,207.0,47.0
12017,1000000.0,1100010.0,120.0,60.0,207.0,46.0
12027,1000000.0,1100010.0,120.0,60.0,207.0,46.0
12038,1000000.0,1100010.0,120.0,60.0,207.0,46.0
12047,1000000.0,1100010.0,120.0,60.0,207.0,46.0
12057,1000000.0,1100010.0,120.0,60.0,207.0,45.0
12067,1000000.0,1100010.0,120.0,60.0,207.0,45.0
12078,1000001.0,1100010.0,150.0,60.0,207.0,57.0
12088,1000001.0,1100010.0,150.0,60.0,207.0,54.0
12097,1000001.0,1100011.0,150.0,90.0,207.0,50.0
12107,1000001.0,1100011.0,150.0,90.0,207.0,49.0
12118,1000001.0,1100011.0,150.0,90.0,207.0,48.0
12128,1000001.0,1100011.0,150.0,90.0,207.0,47.0
12137,1000001.0,1100011.0,150.0,90.0,207.0,47.0
12147,1000001.0,1100011.0,150.0,90.0,207.0,46.0
12157,1000010.0,1100011.0,180.0,90.0,207.0,57.0
12168,1000010.0,1100100.0,180.0,120.0,207.0,52.0
12177,1000010.0,1100100.0,180.0,120.0,207.0,51.0
12187,1000010.0,1100100.0,180.0,120.0,207.0,50.0
12197,1000010.0,1100100.0,180.0,120.0,207.0,49.0
12208,1000010.0,1100100.0,180.0,120.0,207.0,48.0
12218,1000010.0,1100101.0,180.0,150.0,207.0,47.0
12227,1000010.0,1100101.0,180.0,150.0,207.0,44.0
12237,1000010.0,1100101.0,180.0,150.0,207.0,44.0
12248,1000010.0,1100101.0,180.0,150.0,207.0,44.0
12258,1000010.0,1100101.0,180.0,150.0,207.0,43.0
12267,1000010.0,1100101.0,180.0,150.0,207.0,43.0
12277,1000010.0,1100101.0,180.0,150.0,207.0,43.0
12288,1000010.0,1100101.0,180.0,150.0,207.0,43.0
12298,1000011.0,1100101.0,210.0,150.0,207.0,55.0
12308,1000011.0,1100101.0,210.0,150.0,207.0,53.0
12317,1000011.0,1100101.0,210.0,150.0,207.0,51.0
12327,1000011.0,1100101.0,210.0,150.0,207.0,50.0
12338,1000011.0,1100110.0,210.0,180.0,207.0,46.0
12348,1000100.0,1100110.0,240.0,180.0,207.0,57.0
12357,1000100.0,1100110.0,240.0,180.0,207.0,55.0
12367,1000100.0,1100110.0,240.0,180.0,207.0,53.0
12378,1000100.0,1100110.0,240.0,180.0,207.0,51.0
12388,1000100.0,1100110.0,240.0,180.0,207.0,50.0
12398,1000100.0,1100110.0,240.0,180.0,207.0,49.0
12407,1000100.0,1100111.0,240.0,210.0,207.0,45.0
12418,1000100.0,1100111.0,240.0,210.0,207.0,45.0
12428,1000100.0,1100111.0,240.0,210.0,207.0,44.0
12438,1000100.0,1100111.0,240.0,210.0,207.0,44.0
12447,1000100.0,1100111.0,240.0,210.0,207.0,44.0
12457,1000100.0,1100111.0,240.0,210.0,207.0,44.0
12468,1000100.0,1100111.0,240.0,210.0,207.0,44.0
12478,1000100.0,1100111.0,240.0,210.0,207.0,44.0
12487,1000101.0,1100111.0,270.0,210.0,207.0,55.0
12497,1000101.0,1100111.0,270.0,210.0,207.0,53.0
12508,1000101.0,1100111.0,270.0,210.0,207.0,52.0
12518,1000101.0,1100111.0,270.0,210.0,207.0,50.0
12528,1000101.0,1100111.0,270.0,210.0,207.0,49.0
12537,1000101.0,1101000.0,270.0,240.0,207.0,45.0
12548,1000110.0,1101000.0,300.0,240.0,207.0,45.0
12558,1000110.0,1101000.0,300.0,240.0,207.0,56.0
12568,1000110.0,1101000.0,300.0,240.0,207.0,54.0
12577,1000110.0,1101000.0,300.0,240.0,207.0,52.0
12588,1000110.0,1101000.0,300.0,240.0,207.0,51.0
12598,1000110.0,1101001.0,300.0,270.0,207.0,47.0
12608,1000110.0,1101001.0,300.0,270.0,207.0,46.0
12618,1000110.0,1101001.0,300.0,270.0,207.0,45.0
12627,1000110.0,1101001.0,300.0,270.0,207.0,45.0
12638,1000110.0,1101001.0,300.0,270.0,207.0,45.0
12648,1000110.0,1101001.0,300.0,270.0,207.0,45.0
12658,1000110.0,1101001.0,300.0,270.0,207.0,44.0
12667,1000110.0,1101001.0,300.0,270.0,207.0,44.0
12678,1000110.0,1101010.0,300.0,300.0,207.0,41.0
12688,1000111.0,1101010.0,330.0,300.0,207.0,53.0
12698,1000111.0,1101010.0,330.0,300.0,207.0,51.0
12707,1000111.0,1101010.0,330.0,300.0,207.0,50.0
12718,1000111.0,1101010.0,330.0,300.0,207.0,48.0
12728,1000111.0,1101010.0,330.0,300.0,207.0,48.0
12738,1000111.0,1101010.0,330.0,300.0,207.0,47.0
12748,1000111.0,1101010.0,330.0,300.0,207.0,46.0
12758,1000111.0,1101010.0,330.0,300.0,207.0,46.0
12768,1000111.0,1101010.0,330.0,300.0,207.0,45.0
12778,1001000.0,1101010.0,0.0,300.0,207.0,56.0
12788,1001000.0,1101010.0,0.0,300.0,207.0,54.0
12797,1001000.0,1101011.0,0.0,330.0,207.0,49.0
12808,1001000.0,1101100.0,0.0,0.0,207.0,45.0
12818,1001000.0,1101100.0,0.0,0.0,207.0,45.0
12828,1001000.0,1101100.0,0.0,0.0,207.0,44.0
12838,1001000.0,1101100.0,0.0,0.0,207.0,44.0
12848,1001000.0,1101100.0,0.0,0.0,207.0,44.0
12858,1001000.0,1101100.0,0.0,0.0,207.0,43.0
12868,1001000.0,1101100.0,0.0,0.0,207.0,43.0
12878,1001000.0,1101100.0,0.0,0.0,207.0,43.0
12888,1001001.0,1101100.0,30.0,0.0,207.0,54.0
12898,1001001.0,1101100.0,30.0,0.0,207.0,52.0
12908,1001001.0,1101100.0,30.0,0.0,207.0,51.0
12918,1001001.0,1101101.0,30.0,30.0,207.0,46.0
12929,1001001.0,1101101.0,30.0,30.0,207.0,46.0
12938,1001001.0,1101101.0,30.0,30.0,207.0,45.0
12948,1001001.0,1101101.0,30.0,30.0,207.0,45.0
12958,1001001.0,1101101.0,30.0,30.0,207.0,44.0
12968,1001001.0,1101110.0,30.0,60.0,207.0,41.0
12978,1001001.0,1101110.0,30.0,60.0,207.0,41.0
12988,1001001.0,1101110.0,30.0,60.0,207.0,41.0
12998,1001001.0,1101110.0,30.0,60.0,207.0,41.0
13008,1001001.0,1101110.0,30.0,60.0,207.0,41.0
13019,1001001.0,1101110.0,30.0,60.0,207.0,41.0
13028,1001010.0,1101110.0,60.0,60.0,207.0,53.0
13038,1001010.0,1101110.0,60.0,60.0,207.0,51.0
13048,1001010.0,1101110.0,60.0,60.0,207.0,49.0
13059,1001010.0,1101110.0,60.0,60.0,207.0,48.0
13068,1001010.0,1101111.0,60.0,90.0,207.0,44.0
13078,1001010.0,1101111.0,60.0,90.0,207.0,43.0
13088,1001010.0,1101111.0,60.0,90.0,207.0,43.0
13099,1001011.0,1101111.0,60.0,90.0,207.0,43.0
13108,1001011.0,1101111.0,90.0,90.0,207.0,54.0
13118,1001011.0,1101111.0,90.0,90.0,207.0,52.0
13128,1001011.0,1101111.0,90.0,90.0,207.0,50.0
13138,1001011.0,1101111.0,90.0,90.0,207.0,49.0
13149,1001011.0,1110000.0,90.0,120.0,207.0,44.0
13158,1001011.0,1110000.0,90.0,120.0,207.0,44.0
13168,1001011.0,1110000.0,90.0,120.0,207.0,43.0
13178,1001011.0,1110000.0,90.0,120.0,207.0,43.0
13189,1001011.0,1110000.0,90.0,120.0,207.0,43.0
13198,1001011.0,1110000.0,90.0,120.0,207.0,43.0
13208,1001011.0,1110001.0,90.0,150.0,207.0,39.0
13218,1001011.0,1110001.0,90.0,150.0,207.0,39.0
13229,1001011.0,1110001.0,90.0,150.0,207.0,40.0
13238,1001011.0,1110001.0,90.0,150.0,207.0,40.0
13248,1001100.0,1110001.0,120.0,150.0,207.0,51.0
13258,1001100.0,1110001.0,120.0,150.0,207.0,50.0
13268,1001100.0,1110001.0,120.0,150.0,207.0,48.0
13279,1001100.0,1110001.0,120.0,150.0,207.0,47.0
13288,1001100.0,1110001.0,120.0,150.0,207.0,46.0
13298,1001100.0,1110001.0,120.0,150.0,207.0,45.0
13308,1001100.0,1110001.0,120.0,150.0,207.0,44.0
13319,1001100.0,1110001.0,120.0,150.0,207.0,44.0
13328,1001100.0,1110010.0,120.0,180.0,207.0,40.0
13338,1001100.0,1110010.0,120.0,180.0,207.0,40.0
13348,1001101.0,1110010.0,120.0,180.0,207.0,40.0
13359,1001101.0,1110010.0,150.0,180.0,207.0,52.0
13368,1001101.0,1110010.0,150.0,180.0,207.0,50.0
13378,1001101.0,1110010.0,150.0,180.0,207.0,48.0
13388,1001101.0,1110010.0,150.0,180.0,207.0,47.0
13399,1001101.0,1110010.0,150.0,180.0,207.0,46.0
13409,1001101.0,1110011.0,150.0,210.0,207.0,45.0
13418,1001101.0,1110011.0,150.0,210.0,207.0,41.0
13428,1001101.0,1110011.0,150.0,210.0,207.0,41.0
13438,1001110.0,1110011.0,180.0,210.0,207.0,53.0
13449,1001110.0,1110011.0,180.0,210.0,207.0,51.0
13458,1001110.0,1110011.0,180.0,210.0,207.0,49.0
13468,1001110.0,1110011.0,180.0,210.0,207.0,47.0
13478,1001110.0,1110011.0,180.0,210.0,207.0,46.0
13489,1001110.0,1110011.0,180.0,210.0,207.0,45.0
13499,1001110.0,1110011.0,180.0,210.0,207.0,45.0
13508,1001110.0,1110011.0,180.0,210.0,207.0,44.0
13518,1001110.0,1110011.0,180.0,210.0,207.0,44.0
13529,1001110.0,1110011.0,180.0,210.0,207.0,43.0
13539,1001110.0,1110011.0,180.0,210.0,207.0,43.0
13548,1001111.0,1110011.0,210.0,210.0,207.0,54.0
13558,1001111.0,1110100.0,210.0,240.0,207.0,49.0
13569,1001111.0,1110100.0,210.0,240.0,207.0,47.0
13579,1001111.0,1110100.0,210.0,240.0,207.0,46.0
13589,1001111.0,1110100.0,210.0,240.0,207.0,45.0
13598,1001111.0,1110100.0,210.0,240.0,207.0,45.0
13608,1010000.0,1110100.0,240.0,240.0,207.0,56.0
13619,1010000.0,1110101.0,240.0,270.0,207.0,50.0
13629,1010000.0,1110101.0,240.0,270.0,207.0,49.0
13638,1010000.0,1110101.0,240.0,270.0,207.0,47.0
13648,1010000.0,1110101.0,240.0,270.0,207.0,46.0
13659,1010000.0,1110101.0,240.0,270.0,207.0,45.0
13669,1010000.0,1110101.0,240.0,270.0,207.0,45.0
13678,1010000.0,1110101.0,240.0,270.0,207.0,44.0
13688,1010000.0,1110101.0,240.0,270.0,207.0,44.0
13699,1010000.0,1110110.0,240.0,300.0,207.0,40.0
13709,1010000.0,1110110.0,240.0,300.0,207.0,40.0
13719,1010000.0,1110110.0,240.0,300.0,207.0,40.0
13728,1010000.0,1110110.0,240.0,300.0,207.0,40.0
13739,1010001.0,1110110.0,270.0,300.0,207.0,52.0
13749,1010001.0,1110110.0,270.0,300.0,207.0,50.0
13759,1010001.0,1110110.0,270.0,300.0,207.0,48.0
13768,1010001.0,1110110.0,270.0,300.0,207.0,47.0
13778,1010001.0,1110110.0,270.0,300.0,207.0,46.0
13789,1010001.0,1110110.0,270.0,300.0,207.0,45.0
13799,1010010.0,1110110.0,300.0,300.0,207.0,56.0
13809,1010010.0,1110110.0,300.0,300.0,207.0,54.0
13818,1010010.0,1110111.0,300.0,330.0,207.0,48.0
13829,1010010.0,1111000.0,300.0,0.0,207.0,44.0
13839,1010010.0,1111000.0,300.0,0.0,207.0,43.0
13849,1010010.0,1111000.0,300.0,0.0,207.0,43.0
13858,1010010.0,1111000.0,300.0,0.0,207.0,42.0
13869,1010010.0,1111000.0,300.0,0.0,207.0,42.0
13879,1010010.0,1111000.0,300.0,0.0,207.0,42.0
13889,1010010.0,1111000.0,300.0,0.0,207.0,41.0
13898,1010010.0,1111000.0,300.0,0.0,207.0,41.0
13908,1010010.0,1111000.0,300.0,0.0,207.0,41.0
13919,1010011.0,1111000.0,330.0,0.0,207.0,52.0
13929,1010011.0,1111000.0,330.0,0.0,207.0,50.0
13939,1010011.0,1111001.0,330.0,0.0,207.0,49.0
13948,1010011.0,1111001.0,330.0,30.0,207.0,44.0
13959,1010011.0,1111001.0,330.0,30.0,207.0,44.0
13969,1010011.0,1111001.0,330.0,30.0,207.0,43.0
13979,1010011.0,1111001.0,330.0,30.0,207.0,43.0
13988,1010011.0,1111001.0,330.0,30.0,207.0,42.0
13999,1010011.0,1111010.0,330.0,60.0,207.0,39.0
14009,1010100.0,1111010.0,0.0,60.0,207.0,50.0
14019,1010100.0,1111010.0,0.0,60.0,207.0,49.0
14029,1010100.0,1111010.0,0.0,60.0,207.0,47.0
14039,1010100.0,1111010.0,0.0,60.0,207.0,46.0
14049,1010100.0,1111010.0,0.0,60.0,207.0,45.0
14059,1010100.0,1111010.0,0.0,60.0,207.0,44.0
14069,1010100.0,1111010.0,0.0,60.0,207.0,43.0
14078,1010100.0,1111010.0,0.0,60.0,207.0,43.0
14089,1010100.0,1111010.0,0.0,60.0,207.0,42.0
14099,1010100.0,1111010.0,0.0,60.0,207.0,42.0
14109,1010100.0,1111011.0,0.0,90.0,207.0,39.0
14118,1010101.0,1111011.0,30.0,90.0,207.0,50.0
14129,1010101.0,1111011.0,30.0,90.0,207.0,48.0
14139,1010101.0,1111011.0,30.0,90.0,207.0,47.0
14149,1010101.0,1111011.0,30.0,90.0,207.0,46.0
14159,1010101.0,1111011.0,30.0,90.0,207.0,45.0
14169,1010101.0,1111011.0,30.0,90.0,207.0,44.0
14179,1010101.0,1111011.0,30.0,90.0,207.0,43.0
14189,1010101.0,1111100.0,30.0,120.0,207.0,40.0
14199,1010101.0,1111100.0,30.0,120.0,207.0,40.0
14209,1010101.0,1111100.0,30.0,120.0,207.0,40.0
14219,1010101.0,1111100.0,30.0,120.0,207.0,40.0
14229,1010101.0,1111100.0,30.0,120.0,207.0,40.0
14239,1010101.0,1111100.0,30.0,120.0,207.0,39.0
14249,1010101.0,1111101.0,30.0,150.0,207.0,36.0
14259,1010110.0,1111101.0,60.0,150.0,207.0,48.0
14269,1010110.0,1111101.0,60.0,150.0,207.0,47.0
14279,1010110.0,1111101.0,60.0,150.0,207.0,45.0
14289,1010110.0,1111101.0,60.0,150.0,207.0,44.0
14299,1010110.0,1111101.0,60.0,150.0,207.0,43.0
14309,1010110.0,1111101.0,60.0,150.0,207.0,43.0
14319,1010110.0,1111101.0,60.0,150.0,207.0,42.0
14329,1010111.0,1111101.0,90.0,150.0,207.0,42.0
14340,1010111.0,1111101.0,90.0,150.0,207.0,53.0
14349,1010111.0,1111101.0,90.0,150.0,207.0,50.0
14359,1010111.0,1111101.0,90.0,150.0,207.0,49.0
14369,1010111.0,1111110.0,90.0,180.0,207.0,44.0
14380,1010111.0,1111110.0,90.0,180.0,207.0,43.0
14389,1010111.0,1111110.0,90.0,180.0,207.0,42.0
14399,1010111.0,1111110.0,90.0,180.0,207.0,42.0
14409,1010111.0,1111110.0,90.0,180.0,207.0,41.0
14419,1010111.0,1111110.0,90.0,180.0,207.0,41.0
14429,1010111.0,1111110.0,90.0,180.0,207.0,41.0
14439,1010111.0,1111110.0,90.0,180.0,207.0,40.0
14449,1010111.0,1111111.0,90.0,210.0,207.0,37.0
14459,1010111.0,1111111.0,90.0,210.0,207.0,37.0
14470,1010111.0,1111111.0,90.0,210.0,207.0,38.0
14479,1011000.0,1111111.0,120.0,210.0,207.0,38.0
14489,1011000.0,1111111.0,120.0,210.0,207.0,49.0
14499,1011000.0,1111111.0,120.0,210.0,207.0,48.0
14510,1011000.0,1111111.0,120.0,210.0,207.0,46.0
14519,1011000.0,1111111.0,120.0,210.0,207.0,45.0
14529,1011000.0,1111111.0,120.0,210.0,207.0,44.0
14539,1011000.0,1111111.0,120.0,210.0,207.0,43.0
14550,1011000.0,1111111.0,120.0,210.0,207.0,42.0
14560,1011000.0,1111111.0,120.0,210.0,207.0,42.0
14569,1011000.0,1111111.0,120.0,210.0,207.0,41.0
14579,1011000.0,1111111.0,120.0,210.0,207.0,41.0
14589,1011001.0,1111111.0,150.0,210.0,207.0,52.0
14600,1011001.0,1111111.0,150.0,210.0,207.0,50.0
14609,1011001.0,10000000.0,150.0,240.0,207.0,45.0
14619,1011001.0,10000000.0,150.0,240.0,207.0,44.0
14629,1011001.0,10000000.0,150.0,240.0,207.0,43.0
14640,1011001.0,10000000.0,150.0,240.0,207.0,43.0
14649,1011001.0,10000000.0,150.0,240.0,207.0,42.0
14659,1011001.0,10000000.0,150.0,240.0,207.0,41.0
14669,1011010.0,10000001.0,180.0,270.0,207.0,50.0
14680,1011010.0,10000001.0,180.0,270.0,207.0,48.0
14690,1011010.0,10000001.0,180.0,270.0,207.0,46.0
14699,1011010.0,10000001.0,180.0,270.0,207.0,45.0
14709,1011010.0,10000001.0,180.0,270.0,207.0,44.0
14720,1011010.0,10000001.0,180.0,270.0,207.0,43.0
14730,1011010.0,10000001.0,180.0,270.0,207.0,42.0
14739,1011010.0,10000001.0,180.0,270.0,207.0,42.0
14749,1011010.0,10000010.0,180.0,300.0,207.0,38.0
14759,1011010.0,10000010.0,180.0,300.0,207.0,38.0
14770,1011010.0,10000010.0,180.0,300.0,207.0,38.0
14780,1011010.0,10000010.0,180.0,300.0,207.0,38.0
14789,1011010.0,10000010.0,180.0,300.0,207.0,38.0
14799,1011011.0,10000010.0,210.0,300.0,207.0,50.0
14810,1011011.0,10000010.0,210.0,300.0,207.0,48.0
14820,1011011.0,10000010.0,210.0,300.0,207.0,46.0
14829,1011011.0,10000010.0,210.0,300.0,207.0,45.0
14839,1011011.0,10000010.0,210.0,300.0,207.0,44.0
14850,1011100.0,10000010.0,240.0,300.0,207.0,43.0
14860,1011100.0,10000010.0,240.0,300.0,207.0,54.0
14869,1011100.0,10000010.0,240.0,300.0,207.0,52.0
14879,1011100.0,10000011.0,240.0,330.0,207.0,46.0
14889,1011100.0,10000100.0,240.0,0.0,207.0,45.0
14900,1011100.0,10000100.0,240.0,0.0,207.0,41.0
14910,1011100.0,10000100.0,240.0,0.0,207.0,40.0
14919,1011100.0,10000100.0,240.0,0.0,207.0,40.0
14929,1011100.0,10000100.0,240.0,0.0,207.0,40.0
14940,1011100.0,10000100.0,240.0,0.0,207.0,40.0
14950,1011100.0,10000100.0,240.0,0.0,207.0,39.0
